#t	<mx>	<my>	<mz>	B_ext_x	B_ext_y	B_ext_z
0	0	1	0	0.001	0	0
1.0099999999999994e-10	0.0017594982111688473	0.9998436643007445	0.0175940650136672	0.001	0	0
2.0199999999999959e-10	0.0035189855281427844	0.9993747080204795	0.03518251994718117	0.001	0	0
3.0299999999999926e-10	0.005278451056996742	0.9985932835945396	0.05275975657937007	0.001	0	0
4.039999999999989e-10	0.007037883904345249	0.9974996450245813	0.07032017040638422	0.001	0	0
5.049999999999986e-10	0.008797273177612214	0.9960941477927581	0.08785816249875424	0.001	0	0
6.059999999999982e-10	0.010556607985300634	0.9943772487416008	0.10536814135652817	0.001	0	0
7.069999999999979e-10	0.012315877437262287	0.9923495059196565	0.12284452476184714	0.001	0	0
8.079999999999975e-10	0.014075070644967276	0.9900115783929319	0.14028174162831997	0.001	0	0
9.089999999999972e-10	0.01583417672177366	0.9873642260222131	0.15767423384656049	0.001	0	0
1.010000000000005e-09	0.017593184783196752	0.9844083092063356	0.17501645812525132	0.001	0	0
1.111000000000015e-09	0.01935208394717848	0.9811447885915003	0.19230288782709873	0.001	0	0
1.2120000000000252e-09	0.021110863334356432	0.9775747247467318	0.20952801479904729	0.001	0	0
1.3130000000000353e-09	0.0228695120683331	0.9736992778055987	0.22668635119612282	0.001	0	0
1.4140000000000454e-09	0.02462801927594457	0.9695197070743183	0.24377243129827428	0.001	0	0
1.5150000000000555e-09	0.0263863740875293	0.9650373706063852	0.26078081331959074	0.001	0	0
1.6160000000000656e-09	0.028144565637196674	0.9602537247438742	0.27770608120927	0.001	0	0
1.7170000000000757e-09	0.02990258306309536	0.9551703236255755	0.2945428464437189	0.001	0	0
1.8180000000000857e-09	0.03166041550768126	0.9497888186621423	0.31128574980916374	0.001	0	0
1.919000000000084e-09	0.03341805211798551	0.9441109579784259	0.32792946317416916	0.001	0	0
2.0200000000000733e-09	0.0351754820458821	0.9381385858232036	0.3444686912514396	0.001	0	0
2.1210000000000625e-09	0.03693269444835524	0.9318736419465011	0.3608981733483128	0.001	0	0
2.2220000000000517e-09	0.038689678487766485	0.9253181609447316	0.37721268510533035	0.001	0	0
2.323000000000041e-09	0.04044642333212149	0.9184742715738802	0.39340704022229817	0.001	0	0
2.42400000000003e-09	0.042202918155336853	0.9113441960309748	0.40947609217124004	0.001	0	0
2.5250000000000193e-09	0.04395915213750605	0.9039302492041006	0.4254147358956484	0.001	0	0
2.6260000000000085e-09	0.0457151144651654	0.896234837891215	0.4412179094954607	0.001	0	0
2.7269999999999977e-09	0.04747079433155959	0.8882604599880425	0.4568805958971795	0.001	0	0
2.827999999999987e-09	0.04922618093690706	0.8800097036453354	0.4723978245085554	0.001	0	0
2.928999999999976e-09	0.05098126348866479	0.8714852463957906	0.48776467285727787	0.001	0	0
3.0299999999999653e-09	0.05273603120179286	0.862689854250938	0.5029762682131026	0.001	0	0
3.1309999999999545e-09	0.05449047329901822	0.8536263807683115	0.5180277891928603	0.001	0	0
3.2319999999999438e-09	0.056244579011098673	0.8442977660892311	0.5329144673478082	0.001	0	0
3.332999999999933e-09	0.0579983375770859	0.8347070359475387	0.5476315887327619	0.001	0	0
3.433999999999922e-09	0.0597517382445886	0.8248573006496268	0.5621744954564919	0.001	0	0
3.5349999999999114e-09	0.0615047702700345	0.8147517540261313	0.5765385872128358	0.001	0	0
3.6359999999999006e-09	0.06325742291893241	0.8043936723556416	0.5907193227920177	0.001	0	0
3.736999999999895e-09	0.0650096854661338	0.7937864132608168	0.6047122215716514	0.001	0	0
3.837999999999926e-09	0.0667615471960936	0.7829334145772912	0.6185128649869195	0.001	0	0
3.938999999999957e-09	0.06851299740313052	0.7718381931957687	0.6321168979794243	0.001	0	0
4.039999999999988e-09	0.07026402539168741	0.7605043438777037	0.6455200304242308	0.001	0	0
4.141000000000019e-09	0.07201462047659006	0.7489355380449975	0.6587180385345941	0.001	0	0
4.24200000000005e-09	0.07376477198330654	0.737135522544127	0.6717067662439078	0.001	0	0
4.343000000000081e-09	0.07551446924820553	0.7251081183851289	0.6844821265644122	0.001	0	0
4.444000000000112e-09	0.07726370161881363	0.712857219455905	0.697040102922174	0.001	0	0
4.545000000000143e-09	0.07901245845407293	0.700386791212282	0.7093767504679067	0.001	0	0
4.646000000000174e-09	0.0807607291245975	0.6877008693442842	0.7214881973631857	0.001	0	0
4.7470000000002046e-09	0.08250850301292914	0.6748035584190959	0.7333706460416122	0.001	0	0
4.8480000000002355e-09	0.08425576951379306	0.661699030501178	0.7450203744445113	0.001	0	0
4.9490000000002665e-09	0.08600251803435224	0.6483915237500356	0.7564337372307358	0.001	0	0
5.0500000000002975e-09	0.08774873799446184	0.6348853409961087	0.7676071669601803	0.001	0	0
5.1510000000003285e-09	0.08949441882692205	0.6211848482953014	0.7785371752505946	0.001	0	0
5.2520000000003595e-09	0.09123954997773105	0.6072944734626459	0.7892203539073158	0.001	0	0
5.3530000000003905e-09	0.09298412090633794	0.5932187045856175	0.7996533760255362	0.001	0	0
5.4540000000004214e-09	0.09472812108589228	0.578962088517617	0.8098329970647379	0.001	0	0
5.5550000000004524e-09	0.09647154000349653	0.5645292293521522	0.8197560558949346	0.001	0	0
5.656000000000483e-09	0.09821436716045559	0.5499247868782425	0.829419475814374	0.001	0	0
5.757000000000514e-09	0.09995659207252512	0.5351534750175981	0.8388202655383548	0.001	0	0
5.858000000000545e-09	0.10169820427016017	0.5202200602441074	0.847955520158836	0.001	0	0
5.959000000000576e-09	0.10343919329876401	0.5051293599861933	0.8568224220745158	0.001	0	0
6.060000000000607e-09	0.10517954871893367	0.4898862410125908	0.8654182418910726	0.001	0	0
6.161000000000638e-09	0.10691926010670659	0.4744956178021096	0.873740339291273	0.001	0	0
6.262000000000669e-09	0.10865831705380638	0.45896245089795057	0.8817861638746557	0.001	0	0
6.3630000000007e-09	0.1103967091678866	0.44329174524714937	0.8895532559665204	0.001	0	0
6.464000000000731e-09	0.11213442607277502	0.4274885485257251	0.8970392473959533	0.001	0	0
6.565000000000762e-09	0.11387145740871617	0.4115579494501195	0.9042418622426347	0.001	0	0
6.666000000000793e-09	0.1156077928326138	0.3955050760755076	0.9111589175521899	0.001	0	0
6.767000000000824e-09	0.11734342201827154	0.37933509408158295	0.9177883240198463	0.001	0	0
6.868000000000855e-09	0.11907833465663334	0.36305320504640254	0.9241280866421807	0.001	0	0
6.969000000000886e-09	0.1208125204560233	0.3466646447088959	0.9301763053367452	0.001	0	0
7.070000000000917e-09	0.12254596914238373	0.330174681220646	0.9359311755293757	0.001	0	0
7.171000000000948e-09	0.12427867045951335	0.3135886133875413	0.9413909887089927	0.001	0	0
7.272000000000979e-09	0.12601061416930337	0.2969117689019158	0.9465541329497276	0.001	0	0
7.37300000000101e-09	0.12774179005197356	0.2801495025657853	0.9514190934002009	0.001	0	0
7.474000000001022e-09	0.12947218790630735	0.26330719450580115	0.955984452739812	0.001	0	0
7.57500000000097e-09	0.13120179754988573	0.24639024838053566	0.9602488916018893	0.001	0	0
7.676000000000917e-09	0.1329306088193199	0.2294040895807234	0.964211188963582	0.001	0	0
7.777000000000864e-09	0.13465861157048364	0.2123541634230785	0.9678702225023734	0.001	0	0
7.878000000000812e-09	0.13638579567874445	0.19524593333831727	0.9712249689191096	0.001	0	0
7.97900000000076e-09	0.13811215103919244	0.17808487905400905	0.9742745042274514	0.001	0	0
8.080000000000707e-09	0.13983766756687133	0.16087649477288413	0.977018004009674	0.001	0	0
8.181000000000654e-09	0.14156233519700445	0.14362628734723004	0.979454743638736	0.001	0	0
8.282000000000602e-09	0.14328614388522343	0.1263397744500053	0.981584098466568	0.001	0	0
8.383000000000549e-09	0.1450090836077931	0.10902248274330135	0.9834055439785331	0.001	0	0
8.484000000000496e-09	0.1467311443618371	0.09167994604478558	0.9849186559140257	0.001	0	0
8.585000000000444e-09	0.14845231616556145	0.07431770349275583	0.9861231103531866	0.001	0	0
8.686000000000391e-09	0.15017258905847727	0.05694129771043878	0.9870186837697273	0.001	0	0
8.787000000000339e-09	0.1518919531016223	0.03955627297016674	0.9876052530498631	0.001	0	0
8.888000000000286e-09	0.1536103983777824	0.022168173358060664	0.9878827954773713	0.001	0	0
8.989000000000234e-09	0.15532791499171086	0.004782540939852295	0.9878513886847994	0.001	0	0
9.090000000000181e-09	0.157044493070346	-0.012595086071524575	0.9875112105708618	0.001	0	0
9.191000000000128e-09	0.15876012276302967	-0.029959175145944917	0.9868625391840762	0.001	0	0
9.292000000000076e-09	0.16047479424172317	-0.047304201263077446	0.9859057525726984	0.001	0	0
9.393000000000023e-09	0.16218849770122218	-0.06462464873571755	0.9846413286010323	0.001	0	0
9.49399999999997e-09	0.16390122335937063	-0.08191501302884392	0.983069844732197	0.001	0	0
9.594999999999918e-09	0.16561296145727356	-0.09916980257377464	0.9811919777774532	0.001	0	0
9.695999999999866e-09	0.16732370225950924	-0.11638354057680539	0.9790085036121895	0.001	0	0
9.796999999999813e-09	0.16903343605433935	-0.13355076682170888	0.9765202968586968	0.001	0	0
9.89799999999976e-09	0.17074215315391794	-0.15066603946547988	0.9737283305358587	0.001	0	0
9.998999999999708e-09	0.1724498438945001	-0.16772393682671674	0.970633675675901	0.001	0	0
1.0099999999999655e-08	0.17415649863664912	-0.184719059166026	0.9672375009083555	0.001	0	0
1.0200999999999603e-08	0.17586210776544156	-0.20164603045784354	0.9635410720114067	0.001	0	0
1.030199999999955e-08	0.17756666169067184	-0.2184995001530756	0.9595457514307937	0.001	0	0
1.0402999999999498e-08	0.17927015084705603	-0.23527414493195162	0.9552529977664623	0.001	0	0
1.0503999999999445e-08	0.1809725656944335	-0.2519646704464992	0.9506643652271609	0.001	0	0
1.0604999999999393e-08	0.18267389671796827	-0.26856581305205096	0.9457815030531967	0.001	0	0
1.070599999999934e-08	0.18437413442834788	-0.28507234152718897	0.9406061549075699	0.001	0	0
1.0806999999999287e-08	0.18607326936198232	-0.3014790587815565	0.9351401582357212	0.001	0	0
1.0907999999999235e-08	0.1877712920812007	-0.3177808035509473	0.9293854435941369	0.001	0	0
1.1008999999999182e-08	0.18946819317444694	-0.333972452079108	0.9233440339480612	0.001	0	0
1.110999999999913e-08	0.19116396325647597	-0.35004891978568287	0.9170180439385873	0.001	0	0
1.1210999999999077e-08	0.19285859296854493	-0.3660051629197384	0.9104096791194001	0.001	0	0
1.1311999999999025e-08	0.19455207297860572	-0.3818361801983115	0.9035212351634518	0.001	0	0
1.1412999999998972e-08	0.19624439398149576	-0.39753701442943246	0.8963550970398777	0.001	0	0
1.151399999999892e-08	0.19793554669912752	-0.41310275411907565	0.8889137381614438	0.001	0	0
1.1614999999998867e-08	0.1996255218806766	-0.4285285350614947	0.8811997195028587	0.001	0	0
1.1715999999998814e-08	0.2013143103027677	-0.44380954191242133	0.8732156886902617	0.001	0	0
1.1816999999998762e-08	0.20300190276966096	-0.4589410097445881	0.8649643790622336	0.001	0	0
1.191799999999871e-08	0.2046882901134359	-0.4739182255850645	0.8564486087026715	0.001	0	0
1.2018999999998657e-08	0.20637346319417307	-0.48873652993389316	0.8476712794458828	0.001	0	0
1.2119999999998604e-08	0.20805741290013688	-0.5033913182635131	0.8386353758542651	0.001	0	0
1.2220999999998551e-08	0.20974013014795434	-0.51787804249848	0.829343964168946	0.001	0	0
1.2321999999998499e-08	0.21142160588279413	-0.5321922124749899	0.8198001912337638	0.001	0	0
1.2422999999998446e-08	0.21310183107854566	-0.546329397379722	0.8100072833929832	0.001	0	0
1.2523999999998394e-08	0.21478079673799133	-0.5602852271675197	0.7999685453631503	0.001	0	0
1.2624999999998341e-08	0.2164584938929837	-0.5740553939574552	0.7896873590794854	0.001	0	0
1.2725999999998289e-08	0.21813491360461817	-0.5876356534068021	0.7791671825172481	0.001	0	0
1.2826999999998236e-08	0.21981004696340373	-0.6010218260624739	0.7684115484884878	0.001	0	0
1.2927999999998184e-08	0.22148388508943545	-0.6142097986894817	0.7574240634146213	0.001	0	0
1.3028999999998131e-08	0.22315641913256012	-0.6271955255759784	0.746208406075277	0.001	0	0
1.3129999999998078e-08	0.22482764027254665	-0.639975029814456	0.7347683263338619	0.001	0	0
1.3230999999998026e-08	0.22649753971925213	-0.6525444045586948	0.723107643840296	0.001	0	0
1.3331999999997973e-08	0.22816610871278462	-0.6648998142560285	0.711230246711404	0.001	0	0
1.343299999999792e-08	0.2298333385236671	-0.6770374958545512	0.6991400901894151	0.001	0	0
1.3533999999997868e-08	0.2314992204529995	-0.6889537599848651	0.6868411952790621	0.001	0	0
1.3634999999997816e-08	0.2331637458326194	-0.7006449921159845	0.6743376473637622	0.001	0	0
1.3735999999997763e-08	0.23482690602526113	-0.7121076536850321	0.6616335948013837	0.001	0	0
1.383699999999771e-08	0.2364886924247119	-0.7233382832003591	0.6487332475000857	0.001	0	0
1.3937999999997658e-08	0.23814909645596935	-0.7343334973177366	0.6356408754747506	0.001	0	0
1.4038999999997605e-08	0.2398081095753955	-0.7450899918892825	0.6223608073845142	0.001	0	0
1.4139999999997553e-08	0.24146572327086982	-0.7556045429847781	0.6088974290519221	0.001	0	0
1.42409999999975e-08	0.2431219290619408	-0.7658740078850698	0.5952551819642233	0.001	0	0
1.4341999999997448e-08	0.2447767184999762	-0.775895326047224	0.5814385617573498	0.001	0	0
1.4442999999997395e-08	0.2464300831683123	-0.7856655200411413	0.5674521166831099	0.001	0	0
1.4543999999997343e-08	0.2480820146824002	-0.7951816964573413	0.5533004460601365	0.001	0	0
1.464499999999729e-08	0.24973250468995248	-0.8044410467856278	0.5389881987091428	0.001	0	0
1.4745999999997237e-08	0.25138154487108766	-0.8134408482643715	0.524520071373027	0.001	0	0
1.4846999999997185e-08	0.25302912693847074	-0.8221784647001419	0.5099008071223982	0.001	0	0
1.494799999999721e-08	0.254675242637458	-0.8306513472574406	0.49513519374707243	0.001	0	0
1.5048999999997325e-08	0.2563198837462336	-0.8388570352183004	0.4802280621341081	0.001	0	0
1.514999999999744e-08	0.2579630420759495	-0.8467931567115144	0.46518428463295103	0.001	0	0
1.5250999999997554e-08	0.25960470947086245	-0.8544574294112831	0.45000877340826495	0.001	0	0
1.5351999999997668e-08	0.26124487780846817	-0.8618476612050686	0.43470647878101787	0.001	0	0
1.5452999999997783e-08	0.2628835389996364	-0.8689617508304632	0.41928238755841246	0.001	0	0
1.5553999999997897e-08	0.26452068498874204	-0.8757976884808847	0.4037415213532366	0.001	0	0
1.5654999999998012e-08	0.26615630775379606	-0.882353556379927	0.38808893489323015	0.001	0	0
1.5755999999998126e-08	0.26779039930657556	-0.8886275293242	0.3723297143210478	0.001	0	0
1.585699999999824e-08	0.2694229516927496	-0.8946178751945119	0.3564689754854175	0.001	0	0
1.5957999999998355e-08	0.2710539569920083	-0.9003229554352498	0.34051186222408164	0.001	0	0
1.605899999999847e-08	0.27268340731818536	-0.9057412255018289	0.3244635446391319	0.001	0	0
1.6159999999998584e-08	0.27431129481938227	-0.9108712352760991	0.3083292173653146	0.001	0	0
1.62609999999987e-08	0.2759376116780879	-0.915711629449594	0.2921140978319304	0.001	0	0
1.6361999999998813e-08	0.2775623501113005	-0.9202611478745328	0.27582342451891034	0.001	0	0
1.6462999999998928e-08	0.27918550237064615	-0.9245186258824908	0.2594624552076871	0.001	0	0
1.6563999999999042e-08	0.28080706074249534	-0.9284829945706624	0.24303646522745448	0.001	0	0
1.6664999999999157e-08	0.2824270175480778	-0.9321532810556632	0.22655074569742598	0.001	0	0
1.676599999999927e-08	0.28404536514359763	-0.9355286086948117	0.2100106017656971	0.001	0	0
1.6866999999999386e-08	0.2856620959203449	-0.9386081972748629	0.1934213508453186	0.001	0	0
1.69679999999995e-08	0.2872772023048065	-0.9413913631681581	0.17678832084818394	0.001	0	0
1.7068999999999615e-08	0.2888906767587749	-0.943877519456182	0.16011684841734145	0.001	0	0
1.716999999999973e-08	0.29050251177945813	-0.9460661760205186	0.143412277158335	0.001	0	0
1.7270999999999844e-08	0.29211269989958294	-0.9479569396012171	0.12667995587017944	0.001	0	0
1.737199999999996e-08	0.29372123368750197	-0.9495495138225838	0.10992523677657705	0.001	0	0
1.7473000000000073e-08	0.2953281057472954	-0.950843699186431	0.09315347375797736	0.001	0	0
1.7574000000000188e-08	0.29693330871887297	-0.9518393930328248	0.07637002058508537	0.001	0	0
1.7675000000000302e-08	0.2985368352780734	-0.9525365894683834	0.05958022915441937	0.001	0	0
1.7776000000000417e-08	0.3001386781367641	-0.9529353792621909	0.04278944772651903	0.001	0	0
1.787700000000053e-08	0.30173883004293645	-0.9530359497094009	0.02600301916740283	0.001	0	0
1.7978000000000646e-08	0.3033372837808038	-0.9528385844626154	0.009226279193870597	0.001	0	0
1.807900000000076e-08	0.30493403217089166	-0.9523436633311401	-0.007535445376752826	0.001	0	0
1.8180000000000875e-08	0.3065290680701326	-0.9515516620482166	-0.024276838371841157	0.001	0	0
1.828100000000099e-08	0.30812238437195605	-0.9504631520063627	-0.040992596003067434	0.001	0	0
1.8382000000001104e-08	0.30971397400637757	-0.949078799960937	-0.057677428599794585	0.001	0	0
1.848300000000122e-08	0.3113038299400866	-0.9473993677020832	-0.07432606233567256	0.001	0	0
1.8584000000001333e-08	0.3128919451765323	-0.9454257116951942	-0.09093324094785978	0.001	0	0
1.8685000000001447e-08	0.31447831275600785	-0.943158782690066	-0.10749372744829194	0.001	0	0
1.8786000000001562e-08	0.3160629257557335	-0.940599625298913	-0.12400230582642506	0.001	0	0
1.8887000000001677e-08	0.3176457772899393	-0.9377493775434279	-0.14045378274287995	0.001	0	0
1.898800000000179e-08	0.31922686050994326	-0.93460927037108	-0.15684298921342468	0.001	0	0
1.9089000000001906e-08	0.320806168604229	-0.9311806271408625	-0.17316478228272936	0.001	0	0
1.919000000000202e-08	0.32238369479852536	-0.9274648630786922	-0.1894140466873401	0.001	0	0
1.9291000000002135e-08	0.323959432355879	-0.923463484702703	-0.20558569650731373	0.001	0	0
1.939200000000225e-08	0.32553337457672915	-0.9191780892186541	-0.22167467680596856	0.001	0	0
1.9493000000002364e-08	0.32710551479898	-0.914610363885709	-0.23767596525720638	0.001	0	0
1.9594000000002478e-08	0.3286758463980711	-0.9097620853528358	-0.25358457375986243	0.001	0	0
1.9695000000002593e-08	0.3302443627870453	-0.9046351189660946	-0.26939555003856	0.001	0	0
1.9796000000002707e-08	0.3318110574166181	-0.8992314180470908	-0.2851039792305325	0.001	0	0
1.9897000000002822e-08	0.33337592377524217	-0.8935530231428755	-0.30070498545789337	0.001	0	0
1.9998000000002936e-08	0.3349389553891723	-0.8876020612475872	-0.3161937333848421	0.001	0	0
2.009900000000305e-08	0.33650014582252824	-0.8813807449961437	-0.3315654297592861	0.001	0	0
2.0200000000003165e-08	0.338059488677357	-0.8748913718302888	-0.3468153249383879	0.001	0	0
2.030100000000328e-08	0.33961697759369064	-0.8681363231373255	-0.36193871439752356	0.001	0	0
2.0402000000003394e-08	0.34117260624960766	-0.8611180633618587	-0.37693094022217405	0.001	0	0
2.050300000000351e-08	0.3427263683612857	-0.8538391390908954	-0.39178739258225603	0.001	0	0
2.0604000000003623e-08	0.34427825768306103	-0.8463021781126384	-0.4065035111884273	0.001	0	0
2.0705000000003738e-08	0.3458282680074776	-0.8385098884493511	-0.4210747867298694	0.001	0	0
2.0806000000003853e-08	0.347376393165346	-0.8304650573646355	-0.4354967622931169	0.001	0	0
2.0907000000003967e-08	0.3489226270257867	-0.8221705503455196	-0.44976503476145113	0.001	0	0
2.100800000000408e-08	0.35046696349628353	-0.8136293100597206	-0.4638752561944186	0.001	0	0
2.1109000000004196e-08	0.35200939652273194	-0.8048443552884831	-0.47782313518703584	0.001	0	0
2.121000000000431e-08	0.35354992008948144	-0.7958187798353851	-0.4916044382082408	0.001	0	0
2.1311000000004425e-08	0.3550885282193847	-0.7865557514115248	-0.5052149909181665	0.001	0	0
2.141200000000454e-08	0.3566252149738373	-0.777058510497493	-0.5186506794638198	0.001	0	0
2.1513000000004654e-08	0.3581599744528227	-0.7673303691825606	-0.5319074517527546	0.001	0	0
2.161400000000477e-08	0.35969280079494753	-0.7573747099815029	-0.5449813187043394	0.001	0	0
2.1715000000004883e-08	0.36122368817748485	-0.7471949846294998	-0.5578683554782228	0.001	0	0
2.1816000000004998e-08	0.3627526308164097	-0.7367947128555522	-0.5705647026796156	0.001	0	0
2.1917000000005112e-08	0.3642796229664354	-0.726177481134862	-0.5830665675410133	0.001	0	0
2.2018000000005227e-08	0.36580465892104597	-0.715346941420641	-0.5953702250799844	0.001	0	0
2.211900000000534e-08	0.3673277330125314	-0.7043068098557956	-0.6074720192326777	0.001	0	0
2.2220000000005456e-08	0.3688488396120165	-0.6930608654649656	-0.6193683639626922	0.001	0	0
2.232100000000557e-08	0.3703679731294929	-0.6816129488273925	-0.6310557443449649	0.001	0	0
2.2422000000005685e-08	0.371885128013846	-0.669966960731086	-0.6425307176243616	0.001	0	0
2.25230000000058e-08	0.3734002987528818	-0.6581268608087892	-0.6537899142486272	0.001	0	0
2.2624000000005914e-08	0.37491347987335316	-0.6460966661562255	-0.6648300388753984	0.001	0	0
2.272500000000603e-08	0.37642466594098123	-0.633880449933123	-0.6756478713529721	0.001	0	0
2.2826000000006143e-08	0.37793385156048387	-0.6214823399475237	-0.6862402676745288	0.001	0	0
2.2927000000006258e-08	0.3794410313755915	-0.6089065172238776	-0.6966041609055427	0.001	0	0
2.3028000000006372e-08	0.38094620006906865	-0.5961572145554427	-0.706736562084086	0.001	0	0
2.3129000000006487e-08	0.3824493523627296	-0.5832387150414942	-0.7166345610937805	0.001	0	0
2.32300000000066e-08	0.38395048301745904	-0.5701553506098769	-0.7262953275091258	0.001	0	0
2.3331000000006716e-08	0.3854495868332251	-0.5569115005254157	-0.735716111412973	0.001	0	0
2.343200000000683e-08	0.38694665864909356	-0.5435115898847135	-0.7448942441859066	0.001	0	0
2.3533000000006945e-08	0.3884416933432419	-0.5299600880978844	-0.7538271392672973	0.001	0	0
2.363400000000706e-08	0.3899346858329675	-0.5162615073577281	-0.7625122928878401	0.001	0	0
2.3735000000007174e-08	0.39142563107469863	-0.5024204010969193	-0.7709472847733396	0.001	0	0
2.3836000000007288e-08	0.3929145240640024	-0.4884413624337283	-0.7791297788195761	0.001	0	0
2.3937000000007403e-08	0.3944013598355937	-0.47432902260683735	-0.7870575237380538	0.001	0	0
2.4038000000007517e-08	0.3958861334633376	-0.46008804939978626	-0.7947283536724662	0.001	0	0
2.4139000000007632e-08	0.3973688400602554	-0.4457231455556133	-0.8021401887857113	0.001	0	0
2.4240000000007746e-08	0.3988494747785273	-0.43123904718222955	-0.8092910358173108	0.001	0	0
2.434100000000786e-08	0.40032803280949264	-0.4166405221490998	-0.816178988611081	0.001	0	0
2.4442000000007975e-08	0.401804509383651	-0.4019323684757735	-0.8228022286129388	0.001	0	0
2.454300000000809e-08	0.40327889977065895	-0.3871194127128333	-0.8291590253387089	0.001	0	0
2.4644000000008204e-08	0.4047511992793291	-0.37220650831582414	-0.8352477368118317	0.001	0	0
2.474500000000832e-08	0.4062214032576256	-0.35719853401272095	-0.8410668099708658	0.001	0	0
2.4846000000008434e-08	0.40768950709265805	-0.3421003921654963	-0.8466147810467045	0.001	0	0
2.4947000000008548e-08	0.40915550621067487	-0.3269170071263704	-0.8518902759094172	0.001	0	0
2.5048000000008663e-08	0.4106193960770558	-0.31165332358928977	-0.8568920103846596	0.001	0	0
2.5149000000008777e-08	0.4120811721963006	-0.29631430493720956	-0.8616187905395875	0.001	0	0
2.525000000000889e-08	0.4135408301120204	-0.2809049315857486	-0.8660695129382323	0.001	0	0
2.5351000000009006e-08	0.4149983654069238	-0.26543019932378503	-0.8702431648663018	0.001	0	0
2.545200000000912e-08	0.416453773702804	-0.24989511765155242	-0.8741388245253784	0.001	0	0
2.5553000000009235e-08	0.4179070506605248	-0.23430470811681492	-0.877755661196506	0.001	0	0
2.565400000000935e-08	0.41935819198000357	-0.21866400264968033	-0.8810929353731551	0.001	0	0
2.5755000000009464e-08	0.42080719340019296	-0.20297804189662	-0.8841499988635789	0.001	0	0
2.585600000000958e-08	0.42225405069906385	-0.18725187355426215	-0.8869262948625725	0.001	0	0
2.5957000000009693e-08	0.4236987596935856	-0.17149055070352504	-0.8894213579926665	0.001	0	0
2.6058000000009808e-08	0.42514131623970247	-0.15569913014464526	-0.8916348143147921	0.001	0	0
2.6159000000009922e-08	0.4265817162323136	-0.13988267073367627	-0.8935663813084667	0.001	0	0
2.6260000000010037e-08	0.42801995560524825	-0.12404623172100887	-0.8952158678215547	0.001	0	0
2.636100000001015e-08	0.42945603033123925	-0.10819487109247462	-0.8965831739896843	0.001	0	0
2.6462000000010266e-08	0.4308899364218994	-0.09233364391359039	-0.8976682911253856	0.001	0	0
2.656300000001038e-08	0.432321669927692	-0.07646760067749847	-0.8984713015770501	0.001	0	0
2.6664000000010495e-08	0.4337512269379032	-0.06060178565715503	-0.8989923785578096	0.001	0	0
2.676500000001061e-08	0.43517860358060995	-0.04474123526231767	-0.8992317859444428	0.001	0	0
2.6866000000010724e-08	0.43660379602265137	-0.028890976401878883	-0.899189878046432	0.001	0	0
2.696700000001084e-08	0.4380268004695939	-0.013056024852090203	-0.8988670993452993	0.001	0	0
2.7068000000010953e-08	0.43944761316569964	0.0027586163687805	-0.8982639842043649	0.001	0	0
2.7169000000011068e-08	0.4408662303938903	0.01854795861882148	-0.8973811565490751	0.001	0	0
2.7270000000011182e-08	0.4422826484757114	0.034307029243343196	-0.8962193295180632	0.001	0	0
2.7371000000011297e-08	0.44369686377129447	0.05003087317770705	-0.8947793050851107	0.001	0	0
2.747200000001141e-08	0.4451088726793188	0.06571455454158914	-0.8930619736521909	0.001	0	0
2.7573000000011526e-08	0.44651867163697156	0.08135315822415566	-0.891068313613782	0.001	0	0
2.767400000001164e-08	0.4479262571199078	0.09694179145962953	-0.8887993908926514	0.001	0	0
2.7775000000011755e-08	0.44933162564220763	0.11247558539273361	-0.8862563584473133	0.001	0	0
2.787600000001187e-08	0.4507347737563343	0.12794969663350098	-0.8834404557513885	0.001	0	0
2.7977000000011984e-08	0.4521356980530862	0.143359308800942	-0.8803530082450814	0.001	0	0
2.80780000000121e-08	0.45353439516155747	0.1586996340550728	-0.8769954267590148	0.001	0	0
2.8179000000012213e-08	0.45493086174908526	0.17396591461680294	-0.8733692069106709	0.001	0	0
2.8280000000012327e-08	0.456325094521206	0.18915342427519563	-0.8694759284736872	0.001	0	0
2.8381000000012442e-08	0.45771709022160484	0.2042574698816111	-0.8653172547202731	0.001	0	0
2.8482000000012556e-08	0.4591068456320661	0.21927339283025646	-0.8608949317370166	0.001	0	0
2.858300000001267e-08	0.4604943575724224	0.23419657052466206	-0.8562107877143623	0.001	0	0
2.8684000000012786e-08	0.46187962290050194	0.24902241782961912	-0.8512667322100521	0.001	0	0
2.87850000000129e-08	0.4632626385120751	0.26374638850811494	-0.8460647553868185	0.001	0	0
2.8886000000013015e-08	0.46464340134080123	0.2783639766428074	-0.8406069272246415	0.001	0	0
2.898700000001313e-08	0.46602190835817237	0.2928707180415892	-0.8348953967078818	0.001	0	0
2.9088000000013244e-08	0.46739815657345657	0.3072621916267944	-0.8289323909876087	0.001	0	0
2.9189000000013358e-08	0.46877214303364023	0.3215340208076131	-0.8227202145194549	0.001	0	0
2.9290000000013473e-08	0.47014386482337084	0.3356818748352787	-0.8162612481773323	0.001	0	0
2.9391000000013587e-08	0.47151331906489596	0.349701470140611	-0.8095579483433544	0.001	0	0
2.9492000000013702e-08	0.4728805029180019	0.36358857165348196	-0.8026128459743207	0.001	0	0
2.9593000000013816e-08	0.4742454135799538	0.3773389941038129	-0.7954285456451141	0.001	0	0
2.969400000001393e-08	0.47560804828543257	0.39094860330367975	-0.7880077245693875	0.001	0	0
2.9795000000014045e-08	0.47696840430646936	0.4044133174101531	-0.7803531315979035	0.001	0	0
2.989600000001416e-08	0.47832647895238206	0.4177291081684563	-0.7724675861949177	0.001	0	0
2.9997000000014274e-08	0.47968226956970966	0.430892002135086	-0.7643539773929809	0.001	0	0
3.009800000001439e-08	0.48103577354214566	0.4438980818805029	-0.7560152627265668	0.001	0	0
3.0199000000014503e-08	0.48238698829046833	0.4567434871710406	-0.7474544671449154	0.001	0	0
3.030000000001462e-08	0.48373591127247406	0.4694244161296627	-0.7386746819045003	0.001	0	0
3.040100000001473e-08	0.4850825399829076	0.48193712637522895	-0.7296790634415362	0.001	0	0
3.050200000001485e-08	0.48642687195339085	0.4942779361399156	-0.7204708322249451	0.001	0	0
3.060300000001496e-08	0.4877689047523508	0.50644322536447	-0.7110532715901986	0.001	0	0
3.0704000000015076e-08	0.48910863598494814	0.5184294367709624	-0.7014297265544756	0.001	0	0
3.080500000001519e-08	0.49044606329300056	0.5302330769127255	-0.6916036026135649	0.001	0	0
3.0906000000015305e-08	0.4917811843549124	0.5418507172011697	-0.6815783645209536	0.001	0	0
3.100700000001542e-08	0.49311399688559626	0.5532789949091714	-0.6713575350495512	0.001	0	0
3.1108000000015534e-08	0.4944444986363999	0.5645146141507484	-0.6609446937364962	0.001	0	0
3.120900000001565e-08	0.4957726873950263	0.5755543468367351	-0.6503434756115056	0.001	0	0
3.131000000001576e-08	0.4970985609854544	0.5863950336061872	-0.6395575699092219	0.001	0	0
3.141100000001588e-08	0.49842211726786456	0.5970335847332435	-0.6285907187660282	0.001	0	0
3.151200000001599e-08	0.49974335413855464	0.6074669810092012	-0.6174467159017969	0.001	0	0
3.161300000001611e-08	0.5010622695298617	0.617692274599539	-0.6061294052870494	0.001	0	0
3.171400000001622e-08	0.5023788614100787	0.6277065898756738	-0.5946426797959977	0.001	0	0
3.1815000000016336e-08	0.503693127783374	0.6375071242211976	-0.5829904798459579	0.001	0	0
3.191600000001645e-08	0.5050050666897046	0.6470911488123914	-0.5711767920236139	0.001	0	0
3.2017000000016565e-08	0.5063146762047372	0.6564560093727978	-0.5592056476986199	0.001	0	0
3.211800000001668e-08	0.5076219544397584	0.6655991269016583	-0.5470811216250384	0.001	0	0
3.2219000000016794e-08	0.5089268995415901	0.6745179983760107	-0.5348073305311029	0.001	0	0
3.232000000001691e-08	0.5102295096925056	0.6832101974262775	-0.5223884316978049	0.001	0	0
3.242100000001702e-08	0.5115297831101385	0.6916733749851645	-0.5098286215268096	0.001	0	0
3.252200000001714e-08	0.512827718047396	0.6999052599097094	-0.49713213409819185	0.001	0	0
3.262300000001725e-08	0.5141233127923704	0.7079036595763227	-0.484303239718514	0.001	0	0
3.2724000000017367e-08	0.5154165656682486	0.71566646044868	-0.47134624345973763	0.001	0	0
3.282500000001748e-08	0.5167074750332212	0.7231916286183306	-0.458265483689487	0.001	0	0
3.2926000000017596e-08	0.5179960392803911	0.7304772103178937	-0.4450653305931785	0.001	0	0
3.302700000001771e-08	0.519282256837683	0.7375213324067272	-0.431750184688517	0.001	0	0
3.3128000000017825e-08	0.5205661261677482	0.7443222028289697	-0.4183244753328861	0.001	0	0
3.322900000001794e-08	0.5218476457678741	0.7508781110438455	-0.4047926592241439	0.001	0	0
3.3330000000018054e-08	0.5231268141698863	0.7571874284281643	-0.391159218895335	0.001	0	0
3.343100000001817e-08	0.5244036299400537	0.763248608650921	-0.37742866120384694	0.001	0	0
3.353200000001828e-08	0.5256780916789949	0.7690601880199343	-0.36360551581552425	0.001	0	0
3.36330000000184e-08	0.5269501980215807	0.7746207858004736	-0.3496943336842531	0.001	0	0
3.373400000001851e-08	0.5282199476368379	0.779929104505812	-0.3356996855275539	0.001	0	0
3.3835000000018626e-08	0.5294873392278489	0.7849839301596827	-0.3216261602986791	0.001	0	0
3.393600000001874e-08	0.5307523715316551	0.7897841325305945	-0.3074783636557538	0.001	0	0
3.4037000000018855e-08	0.5320150433191584	0.7943286653380001	-0.2932609164284689	0.001	0	0
3.413800000001897e-08	0.5332753533950169	0.7986165664302991	-0.2789784530828494	0.001	0	0
3.4239000000019084e-08	0.5345333005975493	0.8026469579346778	-0.2646356201846182	0.001	0	0
3.43400000000192e-08	0.5357888837986315	0.8064190463788	-0.25023707486166735	0.001	0	0
3.4441000000019314e-08	0.5370421019035923	0.8099321227843604	-0.23578748326616353	0.001	0	0
3.454200000001943e-08	0.5382929538511163	0.8131855627325344	-0.22129151903679325	0.001	0	0
3.464300000001954e-08	0.5395414386131363	0.8161788264013612	-0.20675386176167096	0.001	0	0
3.474400000001966e-08	0.54078755519473	0.8189114585751083	-0.19217919544241932	0.001	0	0
3.484500000001977e-08	0.5420313026340169	0.8213830886256721	-0.17757220695993578	0.001	0	0
3.4946000000019886e-08	0.5432726800020538	0.8235934304660826	-0.16293758454235185	0.001	0	0
3.504700000002e-08	0.544511686402724	0.8255422824761928	-0.14828001623570067	0.001	0	0
3.5148000000020115e-08	0.54574832097264	0.8272295274006217	-0.13360418837779123	0.001	0	0
3.524900000002023e-08	0.5469825828810285	0.8286551322190708	-0.11891478407579645	0.001	0	0
3.5350000000020344e-08	0.548214471329626	0.8298191479890913	-0.10421648168805911	0.001	0	0
3.545100000002046e-08	0.5494439855525726	0.8307217096614308	-0.08951395331061075	0.001	0	0
3.555200000002057e-08	0.5506711248163001	0.8313630358680775	-0.0748118632689015	0.001	0	0
3.565300000002069e-08	0.5518958884194269	0.8317434286831271	-0.06011486661523331	0.001	0	0
3.57540000000208e-08	0.5531182756926425	0.8318632733566229	-0.04542760763238938	0.001	0	0
3.585500000002092e-08	0.5543382859986039	0.8317230380215007	-0.030754718343942857	0.001	0	0
3.595600000002103e-08	0.5555559187318209	0.8313232733738141	-0.01610081703173132	0.001	0	0
3.6057000000021146e-08	0.5567711733185449	0.8306646123263932	-0.0014705067609760277	0.001	0	0
3.615800000002126e-08	0.5579840492166604	0.8297477696361132	0.013131626086477742	0.001	0	0
3.6259000000021375e-08	0.5591945459155687	0.8285735415049641	0.027701013270326647	0.001	0	0
3.636000000002149e-08	0.5604026629360761	0.8271428051550985	0.042233106140913176	0.001	0	0
3.6461000000021604e-08	0.5616083998302841	0.8254565183780693	0.05672337707880283	0.001	0	0
3.656200000002172e-08	0.5628117561814714	0.8235157190584614	0.0711673209243761	0.001	0	0
3.666300000002183e-08	0.5640127316039816	0.8213215246721323	0.08556045639697707	0.001	0	0
3.676400000002195e-08	0.5652113257431085	0.8188751317592855	0.09989832750317032	0.001	0	0
3.686500000002206e-08	0.5664075382749799	0.8161778153726132	0.11417650493365922	0.001	0	0
3.6966000000022177e-08	0.5676013689064447	0.813230928500742	0.1283905874484243	0.001	0	0
3.706700000002229e-08	0.5687928173749531	0.8100359014672371	0.14253620324964444	0.001	0	0
3.7168000000022406e-08	0.5699818834484458	0.8065942413054118	0.15660901134197122	0.001	0	0
3.726900000002252e-08	0.5711685669252298	0.8029075311092168	0.1706047028797313	0.001	0	0
3.7370000000022635e-08	0.5723528676338672	0.7989774293604667	0.18451900250063516	0.001	0	0
3.747100000002275e-08	0.5735347854330535	0.7948056692326937	0.19834766964557715	0.001	0	0
3.7572000000022864e-08	0.5747143202115024	0.7903940578719055	0.2120864998641206	0.001	0	0
3.767300000002298e-08	0.575891471887826	0.7857444756545436	0.2257313261052611	0.001	0	0
3.777400000002309e-08	0.5770662404104162	0.7808588754229426	0.23927801999307263	0.001	0	0
3.787500000002321e-08	0.5782386257573242	0.7757392816985936	0.25272249308684647	0.001	0	0
3.797600000002332e-08	0.5794086279361438	0.7703877898735249	0.26606069812533617	0.001	0	0
3.8077000000023436e-08	0.5805762469838873	0.7648065653801237	0.27928863025472955	0.001	0	0
3.817800000002355e-08	0.5817414829668691	0.7589978428397202	0.29240232823997747	0.001	0	0
3.8279000000023665e-08	0.582904335980583	0.7529639251902688	0.30539787565911325	0.001	0	0
3.838000000002378e-08	0.5840648061495793	0.7467071827934681	0.3182714020802002	0.001	0	0
3.8481000000023895e-08	0.5852228936273479	0.7402300525216572	0.3310190842205608	0.001	0	0
3.858200000002401e-08	0.5863785985961937	0.7335350368248458	0.3436371470879369	0.001	0	0
3.8683000000024124e-08	0.5875319212671138	0.7266247027782363	0.3561218651032451	0.001	0	0
3.878400000002424e-08	0.5886828618796783	0.7195016811105919	0.3684695632045935	0.001	0	0
3.888500000002435e-08	0.5898314207019045	0.7121686652138277	0.38067661793223945	0.001	0	0
3.898600000002447e-08	0.5909775980301338	0.7046284101341949	0.39273945849416575	0.001	0	0
3.908700000002458e-08	0.5921213941889121	0.696883731545431	0.404654567811973	0.001	0	0
3.9188000000024696e-08	0.5932628095308602	0.688937504704276	0.4164184835467756	0.001	0	0
3.928900000002481e-08	0.5944018444365577	0.6807926633887217	0.42802779910481153	0.001	0	0
3.9390000000024925e-08	0.5955384993144109	0.6724521988194114	0.43947916462248604	0.001	0	0
3.949100000002504e-08	0.5966727746005357	0.6639191585645648	0.45076928793055415	0.001	0	0
3.9592000000025154e-08	0.5978046707586258	0.6551966454288549	0.4618949354971827	0.001	0	0
3.969300000002527e-08	0.598934188279834	0.6462878163266237	0.4728529333496206	0.001	0	0
3.9794000000025383e-08	0.6000613276826446	0.6371958811398608	0.48364016797422665	0.001	0	0
3.98950000000255e-08	0.6011860895127467	0.6279241015613616	0.4942535871945988	0.001	0	0
3.999600000002561e-08	0.602308474342911	0.6184757899234717	0.5046902010275737	0.001	0	0
4.009700000002573e-08	0.6034284827728614	0.6088543080128629	0.514947082516855	0.001	0	0
4.019800000002584e-08	0.6045461154291519	0.5990630658717426	0.5250213685440532	0.001	0	0
4.0299000000025956e-08	0.605661372965038	0.5891055205859516	0.5349102606169189	0.001	0	0
4.040000000002607e-08	0.6067742560603513	0.5789851750603646	0.544611025634559	0.001	0	0
4.0501000000026185e-08	0.6078847654213715	0.5687055767820496	0.5541209966294371	0.001	0	0
4.06020000000263e-08	0.6089929017807024	0.5582703165716054	0.5634375734859715	0.001	0	0
4.0703000000026414e-08	0.6100986658971413	0.5476830273231387	0.5725582236355448	0.001	0	0
4.080400000002653e-08	0.6112020585555559	0.5369473827333179	0.5814804827277447	0.001	0	0
4.090500000002664e-08	0.612303080566752	0.526067096019956	0.5902019552776796	0.001	0	0
4.100600000002676e-08	0.6134017327673494	0.5150459186305678	0.5987203152892073	0.001	0	0
4.110700000002687e-08	0.6144980160196539	0.5038876389413582	0.6070333068539261	0.001	0	0
4.120800000002699e-08	0.6155919312115287	0.49259608094709956	0.6151387447257888	0.001	0	0
4.13090000000271e-08	0.616683479256266	0.48117510294235216	0.6230345148712096	0.001	0	0
4.1410000000027216e-08	0.6177726610924597	0.4696285961944829	0.6307185749945379	0.001	0	0
4.151100000002733e-08	0.6188594776838774	0.45796048360895036	0.6381889550387837	0.001	0	0
4.1612000000027445e-08	0.6199439300193309	0.44617471838731326	0.6454437576614936	0.001	0	0
4.171300000002756e-08	0.6210260191125484	0.4342752826784241	0.652481158685671	0.001	0	0
4.1814000000027674e-08	0.6221057460020462	0.42226618622327994	0.6592994075256582	0.001	0	0
4.191500000002779e-08	0.623183111750998	0.41015146499398347	0.6658968275879023	0.001	0	0
4.20160000000279e-08	0.624258117447109	0.3979351798272916	0.6722718166465205	0.001	0	0
4.211700000002802e-08	0.625330764202484	0.3856214150532103	0.6784228471936194	0.001	0	0
4.221800000002813e-08	0.6264010531535015	0.37321427711910926	0.6843484667642976	0.001	0	0
4.2319000000028247e-08	0.6274689854606816	0.3607178932098172	0.6900472982362977	0.001	0	0
4.242000000002836e-08	0.6285345623085605	0.3481364098641671	0.6955180401042629	0.001	0	0
4.2521000000028476e-08	0.6295977849055567	0.3354739915884661	0.700759466728576	0.001	0	0
4.262200000002859e-08	0.6306586544838446	0.32273481946734645	0.7057704285587532	0.001	0	0
4.2723000000028705e-08	0.6317171722992251	0.3099230897724681	0.7105498523313886	0.001	0	0
4.282400000002882e-08	0.6327733396309949	0.2970430125695464	0.7150967412426419	0.001	0	0
4.2925000000028934e-08	0.6338271577818181	0.28409881032415807	0.7194101750952794	0.001	0	0
4.302600000002905e-08	0.6348786280775954	0.2710947165068006	0.723489310420277	0.001	0	0
4.312700000002916e-08	0.6359277518673367	0.25803497419766835	0.7273333805730104	0.001	0	0
4.322800000002928e-08	0.6369745305230307	0.24492383469159854	0.7309416958040685	0.001	0	0
4.332900000002939e-08	0.6380189654395131	0.2317655561036624	0.7343136433047215	0.001	0	0
4.3430000000029506e-08	0.6390610580343401	0.21856440197585267	0.7374486872270963	0.001	0	0
4.353100000002962e-08	0.6401008097476578	0.20532463988532862	0.7403463686791156	0.001	0	0
4.3632000000029735e-08	0.6411382220420718	0.19205054005467395	0.7430063056942647	0.001	0	0
4.373300000002985e-08	0.6421732964025183	0.1787463739646281	0.7454281931762581	0.001	0	0
4.3834000000029964e-08	0.643206034336133	0.16541641296973414	0.74761180281869	0.001	0	0
4.393500000003008e-08	0.6442364373721241	0.15206492691736642	0.7495569829997512	0.001	0	0
4.4036000000030193e-08	0.6452645070616424	0.1386961827705762	0.7512636586521183	0.001	0	0
4.413700000003031e-08	0.6462902449776482	0.12531444323520463	0.7527318311081191	0.001	0	0
4.423800000003042e-08	0.6473136527147859	0.11192396539170946	0.753961577920279	0.001	0	0
4.433900000003054e-08	0.6483347318892511	0.09852899933214304	0.754953052657382	0.001	0	0
4.444000000003065e-08	0.649353484138665	0.08513378680271917	0.7557064846761642	0.001	0	0
4.4541000000030766e-08	0.6503699111219402	0.07174255985240541	0.7562221788687923	0.001	0	0
4.464200000003088e-08	0.6513840145191573	0.05835953948797129	0.7565005153862475	0.001	0	0
4.4743000000030995e-08	0.65239579603143	0.044988934335921875	0.7565419493377977	0.001	0	0
4.484400000003111e-08	0.6534052573807783	0.031634939311739774	0.7563470104666914	0.001	0	0
4.4945000000031224e-08	0.6544124003099987	0.018301734296857858	0.7559163028022569	0.001	0	0
4.504600000003134e-08	0.6554172265825369	0.00499348282378132	0.7552505042885732	0.001	0	0
4.514700000003145e-08	0.656419737982355	-0.008285669230229567	0.7543503663899047	0.001	0	0
4.524800000003157e-08	0.6574199363138077	-0.02153159494050421	0.753216713673075	0.001	0	0
4.534900000003168e-08	0.6584178234015073	-0.03474018762292913	0.7518504433669937	0.001	0	0
4.54500000000318e-08	0.6594134010902011	-0.04790736211213683	0.7502525248995237	0.001	0	0
4.555100000003191e-08	0.660406671244635	-0.061029056029517706	0.7484239994119154	0.001	0	0
4.5652000000032026e-08	0.6613976357494356	-0.07410123104066581	0.7463659792510072	0.001	0	0
4.575300000003214e-08	0.6623862965089713	-0.0871198741018648	0.7440796474394421	0.001	0	0
4.5854000000032255e-08	0.6633726554472301	-0.10008099869523546	0.7415662571241055	0.001	0	0
4.595500000003237e-08	0.6643567145076879	-0.11298064605216508	0.738827131003042	0.001	0	0
4.6056000000032484e-08	0.6653384756531829	-0.12581488636464452	0.7358636607310832	0.001	0	0
4.61570000000326e-08	0.6663179408657862	-0.13857981998414412	0.7326773063044473	0.001	0	0
4.625800000003271e-08	0.6672951121466746	-0.15127157860766574	0.7292695954245604	0.001	0	0
4.635900000003283e-08	0.6682699915160003	-0.1638863264506126	0.7256421228413689	0.001	0	0
4.646000000003294e-08	0.6692425810127667	-0.17642026140612543	0.7217965496764064	0.001	0	0
4.6561000000033057e-08	0.6702128826946994	-0.1888696161905339	0.7177346027258974	0.001	0	0
4.666200000003317e-08	0.6711808986381181	-0.20123065947458602	0.7134580737441769	0.001	0	0
4.6763000000033286e-08	0.6721466309378109	-0.2134996970001194	0.7089688187077112	0.001	0	0
4.68640000000334e-08	0.6731100817069062	-0.22567307268183703	0.7042687570600165	0.001	0	0
4.6965000000033515e-08	0.6740712530767458	-0.23774716969387366	0.6993598709377729	0.001	0	0
4.706600000003363e-08	0.6750301471967578	-0.24971841154082597	0.694244204378438	0.001	0	0
4.7167000000033744e-08	0.6759867662343304	-0.26158326311293906	0.688923862509668	0.001	0	0
4.726800000003386e-08	0.6769411123746871	-0.27333823172513994	0.6834010107208616	0.001	0	0
4.736900000003397e-08	0.6778931878207566	-0.2849798681396212	0.6776778738171527	0.001	0	0
4.747000000003409e-08	0.6788429947930507	-0.29650476757167604	0.671756735156164	0.001	0	0
4.75710000000342e-08	0.6797905355295357	-0.3079095706785037	0.6656399357678644	0.001	0	0
4.7672000000034316e-08	0.6807358122855086	-0.3191909645306991	0.6593298734578548	0.001	0	0
4.777300000003443e-08	0.6816788273334702	-0.33034568356615485	0.6528290018944278	0.001	0	0
4.7874000000034545e-08	0.6826195829629998	-0.34137051052610895	0.6461398296797404	0.001	0	0
4.797500000003466e-08	0.6835580814806314	-0.352262277373073	0.6392649194054488	0.001	0	0
4.8076000000034775e-08	0.684494325209727	-0.3630178661903893	0.6322068866931594	0.001	0	0
4.817700000003489e-08	0.6854283164903536	-0.3736342100631718	0.6249683992200481	0.001	0	0
4.8278000000035004e-08	0.6863600576791576	-0.38410829394038476	0.617552175730011	0.001	0	0
4.837900000003512e-08	0.6872895511492407	-0.39443715547783137	0.6099609850307086	0.001	0	0
4.848000000003523e-08	0.6882167992900351	-0.40461788586182046	0.6021976449768718	0.001	0	0
4.858100000003535e-08	0.6891418045071822	-0.41464763061328963	0.5942650214402406	0.001	0	0
4.868200000003546e-08	0.6900645692224047	-0.42452359037218784	0.586166027266511	0.001	0	0
4.8783000000035576e-08	0.6909850958733875	-0.43424302166188866	0.5779036212196617	0.001	0	0
4.888400000003569e-08	0.6919033869136522	-0.4438032376334537	0.5694808069140535	0.001	0	0
4.8985000000035805e-08	0.6928194448124344	-0.45320160878955007	0.560900631734672	0.001	0	0
4.908600000003592e-08	0.6937332720545618	-0.4624355636878344	0.5521661857459095	0.001	0	0
4.9187000000036034e-08	0.6946448711403291	-0.47150258962363534	0.5432806005892732	0.001	0	0
4.928800000003615e-08	0.6955542445853814	-0.4804002332917549	0.5342470483704023	0.001	0	0
4.9389000000036263e-08	0.6964613949205859	-0.48912610142723617	0.525068740535813	0.001	0	0
4.949000000003638e-08	0.6973663246919143	-0.4976778614249409	0.5157489267397355	0.001	0	0
4.959100000003649e-08	0.6982690364603187	-0.5060532419377869	0.5062908937014708	0.001	0	0
4.969200000003661e-08	0.6991695328016125	-0.5142500334535093	0.4966979640536487	0.001	0	0
4.979300000003672e-08	0.7000678163063484	-0.522266088849816	0.48697349518179855	0.001	0	0
4.9894000000036836e-08	0.700963889579698	-0.5300993239278045	0.47712087805564074	0.001	0	0
4.999500000003695e-08	0.7018577552413309	-0.5377477179235387	0.4671435360524927	0.001	0	0
5.0096000000037065e-08	0.7027494159252959	-0.5452093139976574	0.45704492377320993	0.001	0	0
5.019700000003718e-08	0.7036388742798992	-0.5524822197029329	0.44682852585106586	0.001	0	0
5.0298000000037294e-08	0.7045261329675865	-0.5595646074296694	0.4364978557539759	0.001	0	0
5.039900000003741e-08	0.7054111946648228	-0.5664547148288648	0.4260564545804896	0.001	0	0
5.050000000003752e-08	0.7062940620619734	-0.5731508452130574	0.4155078898499466	0.001	0	0
5.060100000003764e-08	0.7071747378631854	-0.5796513679347772	0.4048557542872234	0.001	0	0
5.070200000003775e-08	0.7080532247862688	-0.5859547187425526	0.39410366460247714	0.001	0	0
5.080300000003787e-08	0.7089295255625783	-0.5920594001144037	0.38325526026630113	0.001	0	0
5.090400000003798e-08	0.709803642936897	-0.5979639815687822	0.3723142022807071	0.001	0	0
5.1005000000038096e-08	0.7106755796673175	-0.6036670999529127	0.36128417194635354	0.001	0	0
5.110600000003821e-08	0.711545338525124	-0.6091674597085117	0.35016886962642113	0.001	0	0
5.1207000000038325e-08	0.7124129222946768	-0.6144638331148417	0.3389720135075681	0.001	0	0
5.130800000003844e-08	0.7132783337732941	-0.6195550605091016	0.32769733835836506	0.001	0	0
5.1409000000038554e-08	0.7141415757711372	-0.6244400504841295	0.3163485942856316	0.001	0	0
5.151000000003867e-08	0.7150026511110931	-0.6291177800634249	0.30492954548907975	0.001	0	0
5.161100000003878e-08	0.7158615626286597	-0.6335872948534864	0.29344396901469066	0.001	0	0
5.17120000000389e-08	0.7167183131718299	-0.6378477091734857	0.28189565350722157	0.001	0	0
5.181300000003901e-08	0.7175729056009761	-0.6418982061622903	0.27028839796226295	0.001	0	0
5.1914000000039126e-08	0.7184253427887369	-0.6457380378628672	0.2586260104782585	0.001	0	0
5.201500000003924e-08	0.7192756276199012	-0.6493665252841018	0.24691230700888397	0.001	0	0
5.2116000000039356e-08	0.7201237629912943	-0.6527830584400706	0.23515111011620954	0.001	0	0
5.221700000003947e-08	0.7209697518116649	-0.6559870963668202	0.22334624772503917	0.001	0	0
5.2318000000039585e-08	0.7218135970015697	-0.6589781671167111	0.21150155187883574	0.001	0	0
5.24190000000397e-08	0.7226553014932633	-0.6617558677303803	0.19962085749763822	0.001	0	0
5.2520000000039814e-08	0.7234948682305817	-0.6643198641864115	0.18770800113836636	0.001	0	0
5.262100000003993e-08	0.7243323001688341	-0.6666698913287702	0.1757668197579161	0.001	0	0
5.272200000004004e-08	0.7251676002746872	-0.6688057527721082	0.16380114947943908	0.001	0	0
5.282300000004016e-08	0.7260007715260526	-0.670727320785018	0.15181482436220828	0.001	0	0
5.292400000004027e-08	0.7268318169119805	-0.672434536151336	0.1398116751754551	0.001	0	0
5.3025000000040386e-08	0.7276607394325438	-0.6739274080096128	0.12779552817656967	0.001	0	0
5.31260000000405e-08	0.7284875420987297	-0.6752060136708504	0.11577020389405515	0.001	0	0
5.3227000000040615e-08	0.7293122279323274	-0.6762704984146345	0.10373951591561807	0.001	0	0
5.332800000004073e-08	0.7301347999658201	-0.6771210752637861	0.09170726968177774	0.001	0	0
5.3429000000040844e-08	0.7309552612422736	-0.6777580247376653	0.07967726128537393	0.001	0	0
5.353000000004096e-08	0.731773614815228	-0.6781816945842725	0.06765327627734743	0.001	0	0
5.3631000000041073e-08	0.7325898637485881	-0.6783924994912844	0.05563908847916959	0.001	0	0
5.373200000004119e-08	0.733404011116516	-0.6783909207761898	0.04363845880228772	0.001	0	0
5.38330000000413e-08	0.7342160600033197	-0.6781775060556775	0.031655134074953475	0.001	0	0
5.393400000004142e-08	0.7350260135033488	-0.677752868894443	0.019692845876797056	0.001	0	0
5.403500000004153e-08	0.7358338747208847	-0.6771176884335888	0.007755309381506733	0.001	0	0
5.4136000000041646e-08	0.736639646770034	-0.6762727089987989	-0.004153777792031429	0.001	0	0
5.423700000004176e-08	0.7374433327746219	-0.6752187396884651	-0.01603073671978206	0.001	0	0
5.4338000000041875e-08	0.7382449358680857	-0.6739566539419655	-0.027871908303449117	0.001	0	0
5.443900000004199e-08	0.7390444591933683	-0.672487389088284	-0.03967365439186117	0.001	0	0
5.4540000000042104e-08	0.7398419059028121	-0.6708119458751806	-0.051432358892514324	0.001	0	0
5.464100000004222e-08	0.7406372791580541	-0.6689313879791151	-0.06314442887293652	0.001	0	0
5.474200000004233e-08	0.7414305821299225	-0.6668468414961402	-0.07480629565154384	0.001	0	0
5.484300000004245e-08	0.742221817998329	-0.6645594944139903	-0.08641441587766022	0.001	0	0
5.494400000004256e-08	0.7430109899521661	-0.6620705960655824	-0.09796527260038095	0.001	0	0
5.504500000004268e-08	0.7437981011892039	-0.6593814565641631	-0.10945537632596075	0.001	0	0
5.514600000004279e-08	0.7445831549159864	-0.6564934462203427	-0.12088126606341584	0.001	0	0
5.5247000000042906e-08	0.745366154347727	-0.6534079949412535	-0.13223951035802903	0.001	0	0
5.534800000004302e-08	0.7461471027082073	-0.6501265916120786	-0.14352670831245817	0.001	0	0
5.5449000000043135e-08	0.7469260032296741	-0.6466507834602068	-0.15473949059514835	0.001	0	0
5.555000000004325e-08	0.7477028591527369	-0.6429821754022658	-0.16587452043575568	0.001	0	0
5.5651000000043364e-08	0.7484776737262678	-0.6391224293743033	-0.17692849460729432	0.001	0	0
5.575200000004348e-08	0.7492504502072999	-0.6350732636453674	-0.18789814439472372	0.001	0	0
5.585300000004359e-08	0.7500211918609244	-0.6308364521147808	-0.19878023654969956	0.001	0	0
5.595400000004371e-08	0.7507899019601925	-0.6264138235933597	-0.20957157423122044	0.001	0	0
5.605500000004382e-08	0.7515565837860158	-0.6218072610688729	-0.22026899793189275	0.001	0	0
5.6156000000043937e-08	0.7523212406270648	-0.6170187009560243	-0.2308693863895653	0.001	0	0
5.625700000004405e-08	0.753083875779672	-0.6120501323312403	-0.241369657484074	0.001	0	0
5.6358000000044166e-08	0.7538444925477289	-0.6069035961525662	-0.2517667691188414	0.001	0	0
5.645900000004428e-08	0.7546030942425924	-0.6015811844649549	-0.2620577200870968	0.001	0	0
5.6560000000044395e-08	0.7553596841829843	-0.59608503959126	-0.27223955092247	0.001	0	0
5.666100000004451e-08	0.7561142656948927	-0.5904173533092362	-0.2823093447337329	0.001	0	0
5.6762000000044624e-08	0.7568668421114779	-0.5845803660148459	-0.29226422802345897	0.001	0	0
5.686300000004474e-08	0.7576174167729717	-0.5785763658721986	-0.30210137149038147	0.001	0	0
5.696400000004485e-08	0.7583659930265834	-0.572407687950429	-0.31181799081523304	0.001	0	0
5.706500000004497e-08	0.7591125742264039	-0.5660767133478304	-0.32141134742986455	0.001	0	0
5.716600000004508e-08	0.759857163733309	-0.5595858683035739	-0.33087874926943633	0.001	0	0
5.7267000000045196e-08	0.7605997649148649	-0.5529376232973342	-0.3402175515074842	0.001	0	0
5.736800000004531e-08	0.7613403811452318	-0.5461344921371484	-0.34942515727367457	0.001	0	0
5.7469000000045425e-08	0.762079015805072	-0.5391790310358386	-0.35849901835406306	0.001	0	0
5.757000000004554e-08	0.7628156722814535	-0.5320738376763384	-0.36743663587368053	0.001	0	0
5.7671000000045654e-08	0.7635503539677576	-0.5248215502662505	-0.37623556096127003	0.001	0	0
5.777200000004577e-08	0.7642830642635857	-0.5174248465819808	-0.38489339539602063	0.001	0	0
5.7873000000045884e-08	0.765013806574665	-0.5098864430027885	-0.3934077922361285	0.001	0	0
5.7974000000046e-08	0.7657425843127585	-0.502209093535094	-0.40177645642904125	0.001	0	0
5.807500000004611e-08	0.766469400895571	-0.49439558882739215	-0.40999714540323434	0.001	0	0
5.817600000004623e-08	0.767194259746658	-0.4864487551761192	-0.41806766964138914	0.001	0	0
5.827700000004634e-08	0.7679171642953353	-0.47837145352282107	-0.4259858932348285	0.001	0	0
5.8378000000046456e-08	0.7686381179765868	-0.47016657844297427	-0.4337497344190969	0.001	0	0
5.847900000004657e-08	0.769357124230975	-0.46183705712681744	-0.441357166090554	0.001	0	0
5.8580000000046685e-08	0.7700741865045513	-0.4533858483525391	-0.4488062163038763	0.001	0	0
5.86810000000468e-08	0.7707893082487666	-0.44481594145218684	-0.45609496875036115	0.001	0	0
5.8782000000046914e-08	0.7715024929203795	-0.436130355270652	-0.4632215632169284	0.001	0	0
5.888300000004703e-08	0.7722137439813715	-0.4273321371180849	-0.47018419602573147	0.001	0	0
5.898400000004714e-08	0.7729230648988553	-0.41842436171610514	-0.47698112045429014	0.001	0	0
5.908500000004726e-08	0.7736304591449896	-0.4094101301381661	-0.48361064713606383	0.001	0	0
5.918600000004737e-08	0.7743359301968897	-0.40029256874443425	-0.4900711444413962	0.001	0	0
5.928700000004749e-08	0.7750394815365408	-0.39107482811154765	-0.4963610388387607	0.001	0	0
5.93880000000476e-08	0.7757411166507114	-0.38176008195760924	-0.5024788152362512	0.001	0	0
5.9489000000047716e-08	0.7764408390308682	-0.3723515260627909	-0.5084230173032609	0.001	0	0
5.959000000004783e-08	0.7771386521730875	-0.36285237718589997	-0.5141922477723079	0.001	0	0
5.969100000004794e-08	0.7778345595779719	-0.3532658719772746	-0.5197851687209616	0.001	0	0
5.979200000004805e-08	0.7785285647505652	-0.34359526588837824	-0.5252005018338423	0.001	0	0
5.989300000004817e-08	0.7792206712002671	-0.3338438320784499	-0.5304370286446648	0.001	0	0
5.999400000004828e-08	0.7799108824407487	-0.3240148603185741	-0.5354935907583093	0.001	0	0
6.00950000000484e-08	0.7805992019898695	-0.31411165589353895	-0.5403690900528987	0.001	0	0
6.019600000004851e-08	0.7812856333695937	-0.30413753850184166	-0.545062488861886	0.001	0	0
6.029700000004863e-08	0.7819701801059066	-0.2940958411542026	-0.5495728101361441	0.001	0	0
6.039800000004874e-08	0.7826528457287326	-0.2839899090709539	-0.5538991375860665	0.001	0	0
6.049900000004885e-08	0.7833336337718539	-0.27382309857866055	-0.5580406158036922	0.001	0	0
6.060000000004897e-08	0.7840125477728269	-0.263598776006336	-0.5619964503648777	0.001	0	0
6.070100000004908e-08	0.7846895912729024	-0.2533203165816083	-0.5657659079115313	0.001	0	0
6.08020000000492e-08	0.7853647678169435	-0.24299110332720025	-0.5693483162139573	0.001	0	0
6.090300000004931e-08	0.7860380809533456	-0.23261452595807763	-0.572743064213335	0.001	0	0
6.100400000004943e-08	0.786709534233958	-0.22219397977961963	-0.575949602044383	0.001	0	0
6.110500000004954e-08	0.787379131214	-0.2117328645871675	-0.5789674410382665	0.001	0	0
6.120600000004966e-08	0.7880468754519864	-0.2012345835673061	-0.5817961537057927	0.001	0	0
6.130700000004977e-08	0.7887127705096452	-0.19070254220122554	-0.5844353737009678	0.001	0	0
6.140800000004989e-08	0.789376819951841	-0.1801401471705146	-0.5868847957649815	0.001	0	0
6.150900000005e-08	0.7900390273464966	-0.1695508052657322	-0.5891441756507004	0.001	0	0
6.161000000005011e-08	0.7906993962645141	-0.15893792229810477	-0.5912133300277445	0.001	0	0
6.171100000005023e-08	0.7913579302797001	-0.14830490201468946	-0.59309213636824	0.001	0	0
6.181200000005034e-08	0.7920146329686863	-0.1376551450173474	-0.594780532813348	0.001	0	0
6.191300000005046e-08	0.7926695079108553	-0.1269920476858631	-0.5962785180206596	0.001	0	0
6.201400000005057e-08	0.7933225586882628	-0.11631900110555005	-0.5975861509925701	0.001	0	0
6.211500000005069e-08	0.7939737888855637	-0.10563938999967235	-0.5987035508857446	0.001	0	0
6.22160000000508e-08	0.794623202089936	-0.09495659166701782	-0.5996308968017907	0.001	0	0
6.231700000005092e-08	0.7952708018910059	-0.0842739749249479	-0.6003684275592663	0.001	0	0
6.241800000005103e-08	0.7959165918807736	-0.07359489905825214	-0.600916441447145	0.001	0	0
6.251900000005115e-08	0.7965605756535402	-0.06292271277413056	-0.6012752959598829	0.001	0	0
6.262000000005126e-08	0.7972027568058327	-0.05226075316362249	-0.6014454075142242	0.001	0	0
6.272100000005137e-08	0.7978431389363332	-0.04161234466979966	-0.6014272511478848	0.001	0	0
6.282200000005149e-08	0.7984817256458029	-0.03098079806303678	-0.6012213602002828	0.001	0	0
6.29230000000516e-08	0.7991185205370118	-0.0203694094236707	-0.6008283259754555	0.001	0	0
6.302400000005172e-08	0.7997535272146683	-0.00978145913235499	-0.6002487973873326	0.001	0	0
6.312500000005183e-08	0.800386749285344	0.0007797891315870708	-0.599483480587539	0.001	0	0
6.322600000005195e-08	0.8010181903574061	0.011311089383510147	-0.5985331385758894	0.001	0	0
6.332700000005206e-08	0.8016478540409447	0.02180921431819919	-0.5973985907937606	0.001	0	0
6.342800000005218e-08	0.8022757439477038	0.032270956285733836	-0.5960807127005224	0.001	0	0
6.352900000005229e-08	0.802901863691009	0.042693128258175575	-0.5945804353332148	0.001	0	0
6.36300000000524e-08	0.8035262168857018	0.05307256478679308	-0.5928987448496614	0.001	0	0
6.373100000005252e-08	0.8041488071480671	0.06340612294954433	-0.5910366820552241	0.001	0	0
6.383200000005263e-08	0.8047696380957673	0.0736906832885388	-0.5889953419133941	0.001	0	0
6.393300000005275e-08	0.8053887133477723	0.08392315073720671	-0.586775873040431	0.001	0	0
6.403400000005286e-08	0.8060060365242917	0.09410045553690623	-0.5843794771842599	0.001	0	0
6.413500000005298e-08	0.8066216112467084	0.10421955414270526	-0.5818074086878406	0.001	0	0
6.423600000005309e-08	0.8072354411375102	0.11427743011807732	-0.5790609739372334	0.001	0	0
6.43370000000532e-08	0.8078475298202241	0.1242710950182547	-0.5761415307945835	0.001	0	0
6.443800000005332e-08	0.808457880919352	0.13419758926198982	-0.5730504880162492	0.001	0	0
6.453900000005344e-08	0.8090664980602994	0.14405398299147595	-0.569789304656322	0.001	0	0
6.464000000005355e-08	0.8096733848693152	0.15383737692018776	-0.5663594894557535	0.001	0	0
6.474100000005366e-08	0.8102785449734241	0.1635449031684034	-0.5627626002173457	0.001	0	0
6.484200000005378e-08	0.8108819820003642	0.17317372608617235	-0.5590002431668453	0.001	0	0
6.49430000000539e-08	0.8114836995785191	0.18272104306350928	-0.555074072300394	0.001	0	0
6.504400000005401e-08	0.8120837013368568	0.19218408532758108	-0.5509857887185766	0.001	0	0
6.514500000005412e-08	0.812681990904866	0.20156011872667756	-0.5467371399473341	0.001	0	0
6.524600000005424e-08	0.8132785719124926	0.21084644450074813	-0.542329919245997	0.001	0	0
6.534700000005435e-08	0.8138734479900759	0.22004040003829706	-0.5377659649026996	0.001	0	0
6.544800000005447e-08	0.814466622768289	0.22913935961943732	-0.5330471595174406	0.001	0	0
6.554900000005458e-08	0.8150580998780746	0.23814073514490053	-0.5281754292730674	0.001	0	0
6.56500000000547e-08	0.8156478829505841	0.24704197685081572	-0.5231527431944437	0.001	0	0
6.575100000005481e-08	0.816235975617117	0.2558405740090653	-0.5179811123960844	0.001	0	0
6.585200000005492e-08	0.8168223815090596	0.26453405561303894	-0.512662589318536	0.001	0	0
6.595300000005504e-08	0.8174071042578251	0.2731199910486079	-0.5071992669537735	0.001	0	0
6.605400000005515e-08	0.8179901474947944	0.28159599075014613	-0.501593278059912	0.001	0	0
6.615500000005527e-08	0.8185715148512538	0.28995970684143674	-0.49584679436550955	0.001	0	0
6.625600000005538e-08	0.819151209958339	0.29820883376130064	-0.48996202576374676	0.001	0	0
6.63570000000555e-08	0.8197292364469742	0.30634110887379074	-0.4839412194967867	0.001	0	0
6.645800000005561e-08	0.820305597947815	0.31435431306280587	-0.47778665933059433	0.001	0	0
6.655900000005573e-08	0.8208802980911898	0.32224627131097583	-0.47150066472052055	0.001	0	0
6.666000000005584e-08	0.8214533405070424	0.3300148532626849	-0.465085589967943	0.001	0	0
6.676100000005596e-08	0.8220247288248748	0.33765797377109613	-0.4585438233682672	0.001	0	0
6.686200000005607e-08	0.8225944666736895	0.34517359342904985	-0.45187778635058534	0.001	0	0
6.696300000005618e-08	0.8231625576819339	0.3525597190837163	-0.4450899326092964	0.001	0	0
6.70640000000563e-08	0.8237290054774442	0.3598144043348848	-0.43818274722799483	0.001	0	0
6.716500000005641e-08	0.8242938136873893	0.3669357500167825	-0.43115874579593183	0.001	0	0
6.726600000005653e-08	0.8248569859382154	0.37392190466331293	-0.4240204735173561	0.001	0	0
6.736700000005664e-08	0.8254185258555925	0.380771064956617	-0.41677050431404616	0.001	0	0
6.746800000005676e-08	0.8259784370643558	0.38748147615887046	-0.4094114399213422	0.001	0	0
6.756900000005687e-08	0.8265367231884572	0.39405143252721314	-0.4019459089779852	0.001	0	0
6.767000000005699e-08	0.8270933878509064	0.40047927771175185	-0.3943765661100869	0.001	0	0
6.77710000000571e-08	0.8276484346737201	0.40676340513653725	-0.386706091009529	0.001	0	0
6.787200000005721e-08	0.8282018672778686	0.41290225836346284	-0.3789371875071168	0.001	0	0
6.797300000005733e-08	0.828753689283222	0.41889433143901067	-0.37107258264079973	0.001	0	0
6.807400000005744e-08	0.8293039043084992	0.4247381692237878	-0.3631150257192679	0.001	0	0
6.817500000005756e-08	0.8298525159712153	0.43043236770480636	-0.35506728738124854	0.001	0	0
6.827600000005767e-08	0.83039952788763	0.43597557429044814	-0.3469321586508163	0.001	0	0
6.837700000005779e-08	0.8309449436726954	0.4413664880880843	-0.33871244998903105	0.001	0	0
6.84780000000579e-08	0.8314887669400072	0.4466038601643061	-0.33041099034222154	0.001	0	0
6.857900000005802e-08	0.8320310013017512	0.45168649378774195	-0.32203062618723327	0.001	0	0
6.868000000005813e-08	0.8325716503686564	0.45661324465443237	-0.31357422057395484	0.001	0	0
6.878100000005825e-08	0.8331107177499432	0.4613830210957484	-0.30504465216544047	0.001	0	0
6.888200000005836e-08	0.8336482070532748	0.46599478426883756	-0.296444814275946	0.001	0	0
6.898300000005847e-08	0.8341841218847067	0.47044754832959035	-0.28777761390719553	0.001	0	0
6.908400000005859e-08	0.8347184658486398	0.4747403805881304	-0.2790459707831853	0.001	0	0
6.91850000000587e-08	0.8352512425477711	0.47887240164682543	-0.2702528163838559	0.001	0	0
6.928600000005882e-08	0.8357824555830456	0.4828427855208326	-0.2614010929779321	0.001	0	0
6.938700000005893e-08	0.8363121085536088	0.48665075974119804	-0.25249375265525215	0.001	0	0
6.948800000005905e-08	0.83684020505676	0.49029560544051926	-0.2435337563588974	0.001	0	0
6.958900000005916e-08	0.8373667486879038	0.49377665742121374	-0.23452407291743518	0.001	0	0
6.969000000005928e-08	0.8378917430405056	0.49709330420641046	-0.22546767807758342	0.001	0	0
6.979100000005939e-08	0.8384151917060431	0.5002449880735133	-0.2163675535376089	0.001	0	0
6.98920000000595e-08	0.8389370982739623	0.5032312050704705	-0.2072266859817673	0.001	0	0
6.999300000005962e-08	0.8394574663316318	0.5060515050148092	-0.19804806611609146	0.001	0	0
7.009400000005973e-08	0.8399762994642954	0.5087054914754782	-0.18883468770583545	0.001	0	0
7.019500000005985e-08	0.8404936012550299	0.5111928217375659	-0.17958954661487456	0.001	0	0
7.029600000005996e-08	0.8410093752846987	0.5135132067499546	-0.17031563984737047	0.001	0	0
7.039700000006008e-08	0.8415236251319101	0.5156664110559823	-0.16101596459199558	0.001	0	0
7.049800000006019e-08	0.8420363543729701	0.5176522527071921	-0.1516935172690231	0.001	0	0
7.059900000006031e-08	0.8425475665818418	0.5194706031602342	-0.14235129258057108	0.001	0	0
7.070000000006042e-08	0.8430572653300997	0.5211213871570327	-0.13299228256430443	0.001	0	0
7.080100000006054e-08	0.8435654541868906	0.5226045825882755	-0.12361947565088352	0.001	0	0
7.090200000006065e-08	0.8440721367188863	0.5239202203403569	-0.11423585572545011	0.001	0	0
7.100300000006077e-08	0.8445773164902458	0.5250683841258427	-0.10484440119344282	0.001	0	0
7.110400000006088e-08	0.8450809970625712	0.5260492102975908	-0.09544808405102506	0.001	0	0
7.1205000000061e-08	0.8455831819948668	0.5268628876466172	-0.08604986896041186	0.001	0	0
7.130600000006111e-08	0.8460838748434979	0.5275096571838367	-0.0766527123303762	0.001	0	0
7.140700000006122e-08	0.8465830791621494	0.5279898119057939	-0.06725956140221447	0.001	0	0
7.150800000006134e-08	0.847080798501788	0.5283036965445058	-0.057873353341446346	0.001	0	0
7.160900000006145e-08	0.8475770364106185	0.5284517073015592	-0.048497014335525244	0.001	0	0
7.171000000006157e-08	0.848071796434046	0.5284342915665823	-0.03913345869782626	0.001	0	0
7.181100000006168e-08	0.8485650821146358	0.5282519476202387	-0.029785587978183366	0.001	0	0
7.19120000000618e-08	0.8490568969920745	0.5279052243218879	-0.020456290080238672	0.001	0	0
7.201300000006191e-08	0.8495472446031317	0.5273947207820565	-0.011148438385865806	0.001	0	0
7.211400000006203e-08	0.8500361284816208	0.5267210860198758	-0.0018648908869271653	0.001	0	0
7.221500000006214e-08	0.850523552158361	0.5258850186056453	0.0073915106753804465	0.001	0	0
7.231600000006225e-08	0.8510095191611388	0.524887266288678	0.016617941663338905	0.001	0	0
7.241700000006237e-08	0.851494033014672	0.5237286256105963	0.025811595387431743	0.001	0	0
7.251800000006248e-08	0.8519770972405711	0.5224099415042521	0.03496968394273176	0.001	0	0
7.26190000000626e-08	0.8524587153573023	0.5209321068784356	0.04408943903671074	0.001	0	0
7.272000000006271e-08	0.8529388908801537	0.5192960621885594	0.053168112808232755	0.001	0	0
7.282100000006283e-08	0.8534176273211949	0.5175027949935008	0.06220297863749712	0.001	0	0
7.292200000006294e-08	0.8538949281892432	0.5155533394987779	0.07119133194669836	0.001	0	0
7.302300000006306e-08	0.854370796989828	0.513448776086261	0.08013049099117674	0.001	0	0
7.312400000006317e-08	0.8548452372251555	0.511190230830601	0.089017797640835	0.001	0	0
7.322500000006328e-08	0.8553182523940738	0.5087788750025859	0.09785061815160213	0.001	0	0
7.33260000000634e-08	0.8557898459920377	0.506215924559613	0.10662634392672825	0.001	0	0
7.342700000006351e-08	0.8562600215110739	0.5035026396234878	0.11534239226769748	0.001	0	0
7.352800000006363e-08	0.8567287824397477	0.5006403239457566	0.12399620711455271	0.001	0	0
7.362900000006374e-08	0.8571961322631295	0.49763032436077903	0.13258525977542715	0.001	0	0
7.373000000006386e-08	0.8576620744627591	0.494474030226762	0.14110704964508322	0.001	0	0
7.383100000006397e-08	0.8581266125166165	0.4911728728549647	0.1495591049122642	0.001	0	0
7.393200000006409e-08	0.8585897498990851	0.48772832492730334	0.15793898325566594	0.001	0	0
7.40330000000642e-08	0.8590514900809211	0.4841418999025713	0.1662442725283427	0.001	0	0
7.413400000006432e-08	0.859511836529222	0.4804151514115031	0.174472591430364	0.001	0	0
7.423500000006443e-08	0.8599707927073916	0.4765496726409191	0.18262159016954552	0.001	0	0
7.433600000006454e-08	0.8604283620751115	0.4725470957071681	0.19068895111007733	0.001	0	0
7.443700000006466e-08	0.8608845480883082	0.46840909101911626	0.19867238940888318	0.001	0	0
7.453800000006477e-08	0.8613393541991217	0.46413736663091315	0.2065696536395444	0.001	0	0
7.463900000006489e-08	0.8617927838558754	0.4597336675847759	0.21437852640362823	0.001	0	0
7.4740000000065e-08	0.862244840503046	0.4551997752440303	0.22209682492926547	0.001	0	0
7.484100000006512e-08	0.8626955275812311	0.4505375066166654	0.22972240165682428	0.001	0	0
7.494200000006523e-08	0.8631448485271235	0.44574871366962526	0.23725314481153612	0.001	0	0
7.504300000006535e-08	0.863592806773476	0.4408352826341186	0.2446869789629325	0.001	0	0
7.514400000006546e-08	0.8640394057490769	0.4357991333021668	0.2520218655709511	0.001	0	0
7.524500000006558e-08	0.8644846488787179	0.430642218314664	0.2592558035185817	0.001	0	0
7.534600000006569e-08	0.8649285395831661	0.4253665224411921	0.2663868296309304	0.001	0	0
7.54470000000658e-08	0.8653710812791372	0.4199740618518564	0.27341301918056193	0.001	0	0
7.554800000006592e-08	0.8658122773792638	0.4144668833813952	0.28033248637902397	0.001	0	0
7.564900000006603e-08	0.8662521312920716	0.40884706378582203	0.2871433848544232	0.001	0	0
7.575000000006615e-08	0.8666906464219478	0.4031167089918712	0.2938439081149539	0.001	0	0
7.585100000006626e-08	0.8671278261691161	0.3972779533394951	0.30043228999827115	0.001	0	0
7.595200000006638e-08	0.8675636739296088	0.39133295881769437	0.3069068051066127	0.001	0	0
7.605300000006649e-08	0.86799819309524	0.38528391429393344	0.3132657692275737	0.001	0	0
7.61540000000666e-08	0.8684313870535798	0.37913303473741466	0.3195075397404481	0.001	0	0
7.625500000006672e-08	0.8688632591879264	0.3728825604364806	0.32563051600804965	0.001	0	0
7.635600000006684e-08	0.869293812877281	0.366534756210409	0.3316331397539379	0.001	0	0
7.645700000006695e-08	0.8697230514963232	0.3600919106158711	0.33751389542496657	0.001	0	0
7.655800000006706e-08	0.8701509784153836	0.3535563351483315	0.34327131053910065	0.001	0	0
7.665900000006718e-08	0.8705775970004183	0.3469303634386495	0.3489039560184206	0.001	0	0
7.676000000006729e-08	0.871002910612986	0.3402163504451636	0.35441044650726733	0.001	0	0
7.686100000006741e-08	0.871426922610222	0.33341667164152605	0.3597894406754663	0.001	0	0
7.696200000006752e-08	0.871849636344814	0.32653372220056637	0.3650396415065889	0.001	0	0
7.706300000006764e-08	0.872271055164978	0.3195699161744518	0.3701597965711971	0.001	0	0
7.716400000006775e-08	0.8726911824144337	0.31252768567142275	0.37514869828504316	0.001	0	0
7.726500000006787e-08	0.8731100214323819	0.3054094800293753	0.3800051841521797	0.001	0	0
7.736600000006798e-08	0.8735275755534807	0.2982177649865657	0.3847281369929625	0.001	0	0
7.74670000000681e-08	0.873943848107822	0.29095502184971106	0.3893164851569048	0.001	0	0
7.756800000006821e-08	0.8743588424209088	0.2836237466597618	0.3937692027203853	0.001	0	0
7.766900000006832e-08	0.8747725618136332	0.27622644935561597	0.39808530966917455	0.001	0	0
7.777000000006844e-08	0.8751850096022529	0.2687656529360561	0.4022638720657871	0.001	0	0
7.787100000006855e-08	0.8755961890983698	0.2612438926201741	0.40630400220164065	0.001	0	0
7.797200000006867e-08	0.8760061036089085	0.2536637150065631	0.41020485873403256	0.001	0	0
7.807300000006878e-08	0.8764147564360926	0.24602767723154864	0.41396564680793685	0.001	0	0
7.81740000000689e-08	0.8768221508774261	0.23833834612672558	0.4175856181626246	0.001	0	0
7.827500000006901e-08	0.8772282902256711	0.23059829737607931	0.4210640712231325	0.001	0	0
7.837600000006913e-08	0.8776331777688262	0.22281011467295772	0.42440035117659286	0.001	0	0
7.847700000006924e-08	0.8780368167901068	0.21497638887716472	0.4275938500334523	0.001	0	0
7.857800000006935e-08	0.878439210567924	0.20709971717244374	0.4306440066736055	0.001	0	0
7.867900000006947e-08	0.8788403623758649	0.19918270222461934	0.4335503068774802	0.001	0	0
7.878000000006958e-08	0.8792402754826725	0.191227951340663	0.4363122833421118	0.001	0	0
7.88810000000697e-08	0.8796389531522263	0.18323807562895134	0.43892951568224975	0.001	0	0
7.898200000006981e-08	0.880036398643522	0.17521568916097605	0.44140163041654507	0.001	0	0
7.908300000006993e-08	0.880432615210654	0.16716340813477262	0.4437283009388696	0.001	0	0
7.918400000007004e-08	0.8808276061027938	0.15908385004032974	0.44590924747482796	0.001	0	0
7.928500000007016e-08	0.881221374564174	0.1509796328272343	0.4479442370235173	0.001	0	0
7.938600000007027e-08	0.8816139238340682	0.1428533740748175	0.44983308328460936	0.001	0	0
7.948700000007039e-08	0.882005257146772	0.1347076901650527	0.4515756465708183	0.001	0	0
7.95880000000705e-08	0.8823953777315882	0.12654519545846346	0.4531718337058332	0.001	0	0
7.968900000007061e-08	0.882784288812804	0.11836850147329595	0.4546215979077963	0.001	0	0
7.979000000007073e-08	0.8831719936096786	0.11018021606820218	0.45592493865840494	0.001	0	0
7.989100000007084e-08	0.8835584953364214	0.10198294262868926	0.45708190155773226	0.001	0	0
7.999200000007096e-08	0.8839437972021787	0.09377927925757874	0.4580925781648538	0.001	0	0
8.009300000007107e-08	0.8843279024110132	0.08557181796972184	0.45895710582438337	0.001	0	0
8.019400000007119e-08	0.8847108141618902	0.07736314389121443	0.45967566747900923	0.001	0	0
8.02950000000713e-08	0.8850925356486589	0.06915583446335216	0.4602484914681469	0.001	0	0
8.039600000007142e-08	0.8854730700600384	0.06095245865156407	0.46067585131280714	0.001	0	0
8.049700000007153e-08	0.8858524205795992	0.05275557615956128	0.46095806548680524	0.001	0	0
8.059800000007165e-08	0.886230590385749	0.04456773664893415	0.4610954971744117	0.001	0	0
8.069900000007176e-08	0.8866075826517171	0.036391478964429826	0.4610885540145844	0.001	0	0
8.080000000007187e-08	0.8869834005455378	0.02822933036513749	0.46093768783189093	0.001	0	0
8.090100000007199e-08	0.8873580472300365	0.020083805761808876	0.46064339435426427	0.001	0	0
8.10020000000721e-08	0.8877315258628142	0.011957406960535887	0.4602062129177092	0.001	0	0
8.110300000007222e-08	0.8881038395962321	0.0038526219130067475	0.45962672615811345	0.001	0	0
8.120400000007233e-08	0.8884749915773987	-0.004228076026441938	0.4589055596902874	0.001	0	0
8.130500000007245e-08	0.8888449849481537	-0.012282228836762586	0.45804338177438814	0.001	0	0
8.140600000007256e-08	0.8892138228450552	-0.020307394558911524	0.4570409029698674	0.001	0	0
8.150700000007268e-08	0.8895815083993643	-0.028301148017132714	0.4558988757771004	0.001	0	0
8.160800000007279e-08	0.8899480447370333	-0.03626108153260436	0.4546180942668445	0.001	0	0
8.17090000000729e-08	0.8903134349786899	-0.0441848056292461	0.4531993936976877	0.001	0	0
8.181000000007302e-08	0.8906776822396266	-0.052069949731487146	0.4516436501216499	0.001	0	0
8.191100000007313e-08	0.891040789629785	-0.05991416285379922	0.449951779978097	0.001	0	0
8.201200000007325e-08	0.8914027602537445	-0.06771511428180146	0.44812473967613975	0.001	0	0
8.211300000007336e-08	0.891763597210709	-0.07547049424474758	0.4461635251656841	0.001	0	0
8.221400000007348e-08	0.8921233035944942	-0.08317801457920936	0.44406917149730935	0.001	0	0
8.231500000007359e-08	0.8924818824935161	-0.09083540938377396	0.44184275237114834	0.001	0	0
8.241600000007371e-08	0.8928393369907779	-0.09844043566457378	0.4394853796749523	0.001	0	0
8.251700000007382e-08	0.8931956701638583	-0.10599087397147741	0.43699820301152087	0.001	0	0
8.261800000007394e-08	0.8935508850849003	-0.1134845290247644	0.4343824092156802	0.001	0	0
8.271900000007405e-08	0.8939049848205997	-0.12091923033211889	0.4316392218610025	0.001	0	0
8.282000000007416e-08	0.8942579724321921	-0.12829283279577577	0.4287699007564546	0.001	0	0
8.292100000007428e-08	0.8946098509754443	-0.13560321730965894	0.4257757414331665	0.001	0	0
8.30220000000744e-08	0.8949606235006414	-0.14284829134635285	0.42265807462152044	0.001	0	0
8.312300000007451e-08	0.8953102930525767	-0.15002598953375493	0.41941826571875374	0.001	0	0
8.322400000007462e-08	0.8956588626705406	-0.15713427422125872	0.4160577142472805	0.001	0	0
8.332500000007474e-08	0.8960063353883115	-0.16417113603532074	0.412577853303932	0.001	0	0
8.342600000007485e-08	0.8963527142341438	-0.17113459442427056	0.40898014900031987	0.001	0	0
8.352700000007497e-08	0.8966980022307591	-0.17802269819222516	0.405266099894533	0.001	0	0
8.362800000007508e-08	0.8970422023953362	-0.18483352602197145	0.4014372364143743	0.001	0	0
8.37290000000752e-08	0.8973853177395006	-0.19156518698668895	0.39749512027235057	0.001	0	0
8.383000000007531e-08	0.8977273512693159	-0.19821582105038799	0.39344134387262714	0.001	0	0
8.393100000007542e-08	0.898068305985274	-0.20478359955693368	0.38927752971016194	0.001	0	0
8.403200000007554e-08	0.8984081848822857	-0.2112667257075462	0.38500532976223717	0.001	0	0
8.413300000007565e-08	0.8987469909496731	-0.21766343502665897	0.3806264248726084	0.001	0	0
8.423400000007577e-08	0.8990847271711591	-0.2239719958160222	0.3761425241284882	0.001	0	0
8.433500000007588e-08	0.8994213965248589	-0.2301907095969526	0.3715553642305866	0.001	0	0
8.4436000000076e-08	0.899757001983273	-0.23631791154062073	0.3668667088564346	0.001	0	0
8.453700000007611e-08	0.9000915465132776	-0.24235197088628158	0.36207834801720945	0.001	0	0
8.463800000007623e-08	0.9004250330761169	-0.24829129134735414	0.35719209740829533	0.001	0	0
8.473900000007634e-08	0.9007574646273953	-0.2541343115052622	0.35220979775380074	0.001	0	0
8.484000000007646e-08	0.9010888441170694	-0.2598795051909476	0.3471333141452607	0.001	0	0
8.494100000007657e-08	0.9014191744894405	-0.26552538185397806	0.34196453537475924	0.001	0	0
8.504200000007668e-08	0.9017484586831469	-0.27107048691917485	0.33670537326269473	0.001	0	0
8.51430000000768e-08	0.9020766996311567	-0.27651340213068065	0.33135776198042544	0.001	0	0
8.524400000007691e-08	0.9024039002607617	-0.28185274588340675	0.3259236573680244	0.001	0	0
8.534500000007703e-08	0.9027300634935683	-0.2870871735417924	0.32040503624737693	0.001	0	0
8.544600000007714e-08	0.9030551922454926	-0.29221537774581835	0.31480389573085826	0.001	0	0
8.554700000007726e-08	0.9033792894267534	-0.2972360887042142	0.3091222525258164	0.001	0	0
8.564800000007737e-08	0.9037023579418654	-0.30214807447481595	0.30336214223510793	0.001	0	0
8.574900000007749e-08	0.9040244006896322	-0.3069501412320212	0.29752561865391264	0.001	0	0
8.58500000000776e-08	0.9043454205631422	-0.31164113352130296	0.29161475306306267	0.001	0	0
8.595100000007772e-08	0.9046654204497597	-0.31621993450074043	0.2856316335191306	0.001	0	0
8.605200000007783e-08	0.9049844032311222	-0.3206854661695334	0.27957836414150233	0.001	0	0
8.615300000007794e-08	0.9053023717831322	-0.3250366895834765	0.27345706439668044	0.001	0	0
8.625400000007806e-08	0.905619328975953	-0.3292726050573561	0.26726986838004607	0.001	0	0
8.635500000007817e-08	0.9059352776740024	-0.3333922523542604	0.2610189240953258	0.001	0	0
8.645600000007829e-08	0.9062502207359487	-0.3373947108617768	0.25470639273198886	0.001	0	0
8.65570000000784e-08	0.9065641610147049	-0.3412790997550714	0.248334447940821	0.001	0	0
8.665800000007852e-08	0.9068771013574232	-0.3450445781468344	0.2419052751079048	0.001	0	0
8.675900000007863e-08	0.9071890446054917	-0.3486903452240917	0.23542107062724735	0.001	0	0
8.686000000007875e-08	0.9074999935945276	-0.3522156403718846	0.22888404117228422	0.001	0	0
8.696100000007886e-08	0.9078099511543749	-0.3556197432838143	0.22229640296650255	0.001	0	0
8.706200000007897e-08	0.9081189201090992	-0.3589019740594655	0.215660381053411	0.001	0	0
8.716300000007909e-08	0.9084269032769829	-0.3620616932887211	0.2089782085660969	0.001	0	0
8.72640000000792e-08	0.9087339034705224	-0.3650983021229813	0.20225212599659834	0.001	0	0
8.736500000007932e-08	0.9090399234964218	-0.3680112423333108	0.19548438046532685	0.001	0	0
8.746600000007943e-08	0.9093449661555928	-0.3707999963555349	0.18867722499077388	0.001	0	0
8.756700000007955e-08	0.9096490342431477	-0.37346408732231934	0.18183291775972757	0.001	0	0
8.766800000007966e-08	0.9099521305483979	-0.3760030790822604	0.17495372139823415	0.001	0	0
8.776900000007978e-08	0.9102542578548495	-0.378416576206028	0.16804190224353208	0.001	0	0
8.787000000007989e-08	0.9105554189402002	-0.3807042239795963	0.16109972961718444	0.001	0	0
8.797100000008e-08	0.9108556165763368	-0.38286570838461204	0.15412947509963953	0.001	0	0
8.807200000008012e-08	0.9111548535293319	-0.3849007560659463	0.1471334118064439	0.001	0	0
8.817300000008023e-08	0.9114531325594406	-0.38680913428648367	0.14011381366633238	0.001	0	0
8.827400000008035e-08	0.9117504564210983	-0.3885906508692069	0.13307295470141686	0.001	0	0
8.837500000008046e-08	0.9120468278629192	-0.3902451541266272	0.12601310830969717	0.001	0	0
8.847600000008058e-08	0.9123422496276921	-0.39177253277764956	0.11893654655011542	0.001	0	0
8.857700000008069e-08	0.9126367244523781	-0.39317271585190744	0.111845539430366	0.001	0	0
8.867800000008081e-08	0.9129302550681098	-0.3944456725816656	0.10474235419768677	0.001	0	0
8.877900000008092e-08	0.9132228442001885	-0.39559141228135203	0.09762925463283954	0.001	0	0
8.888000000008104e-08	0.9135144945680821	-0.396609984214806	0.09050850034749808	0.001	0	0
8.898100000008115e-08	0.9138052088854242	-0.3975014774503177	0.08338234608525198	0.001	0	0
8.908200000008127e-08	0.9140949898600111	-0.3982660207035572	0.07625304102643873	0.001	0	0
8.918300000008138e-08	0.9143838401938017	-0.39890378216846645	0.06912282809701054	0.001	0	0
8.92840000000815e-08	0.9146717625829147	-0.3994149693362239	0.061993943281641976	0.001	0	0
8.938500000008161e-08	0.9149587597176285	-0.39979982880236986	0.05486861494128253	0.001	0	0
8.948600000008172e-08	0.9152448342823791	-0.4000586460621943	0.04774906313535614	0.001	0	0
8.958700000008184e-08	0.9155299889557601	-0.40019174529449186	0.04063749894880663	0.001	0	0
8.968800000008195e-08	0.9158142264105202	-0.4001994891337932	0.033536123824186796	0.001	0	0
8.978900000008207e-08	0.9160975493135644	-0.40008227843117716	0.026447128898986393	0.001	0	0
8.989000000008218e-08	0.916379960325951	-0.3998405520037862	0.01937269434839185	0.001	0	0
8.99910000000823e-08	0.9166614621028935	-0.3994747863731521	0.012314988733667912	0.001	0	0
9.009200000008241e-08	0.9169420572937581	-0.39898549549246287	0.005276168356349122	0.001	0	0
9.019300000008253e-08	0.9172217485420644	-0.39837323046288453	-0.0017416233815728177	0.001	0	0
9.029400000008264e-08	0.9175005384854855	-0.39763857923906987	-0.00873625661128336	0.001	0	0
9.039500000008275e-08	0.917778429755846	-0.39678216632398133	-0.01570561562442041	0.001	0	0
9.049600000008287e-08	0.9180554249791248	-0.39580465245315927	-0.022647599493812925	0.001	0	0
9.059700000008298e-08	0.9183315267754527	-0.39470673426857744	-0.029560122687507576	0.001	0	0
9.06980000000831e-08	0.918606737759114	-0.39348914398221113	-0.03644111567591153	0.001	0	0
9.079900000008321e-08	0.9188810605385466	-0.3921526490294714	-0.04328852553188114	0.001	0	0
9.090000000008333e-08	0.9191544977163417	-0.39069805171264366	-0.05010031652359005	0.001	0	0
9.100100000008344e-08	0.9194270518892462	-0.38912618883447403	-0.05687447070001338	0.001	0	0
9.110200000008356e-08	0.9196987256481607	-0.38743793132205945	-0.06360898846886515	0.001	0	0
9.120300000008367e-08	0.9199695215781426	-0.38563418384118614	-0.07030188916683375	0.001	0	0
9.130400000008378e-08	0.9202394422584056	-0.3837158844012733	-0.07695121162195717	0.001	0	0
9.14050000000839e-08	0.9205084902623216	-0.38168400395108193	-0.08355501470798853	0.001	0	0
9.150600000008401e-08	0.9207766681574201	-0.37953954596534145	-0.09011137789060089	0.001	0	0
9.160700000008413e-08	0.9210439785053921	-0.37728354602245817	-0.09661840176528726	0.001	0	0
9.170800000008424e-08	0.9213104238620891	-0.37491707137347136	-0.10307420858681128	0.001	0	0
9.180900000008436e-08	0.9215760067775248	-0.37244122050241874	-0.10947694279007038	0.001	0	0
9.191000000008447e-08	0.921840729795878	-0.36985712267828313	-0.11582477150223386	0.001	0	0
9.201100000008459e-08	0.9221045954554921	-0.3671659374986873	-0.12211588504602355	0.001	0	0
9.21120000000847e-08	0.9223676062888785	-0.36436885442550815	-0.12834849743400636	0.001	0	0
9.221300000008482e-08	0.9226297648227181	-0.36146709231259194	-0.1345208468537726	0.001	0	0
9.231400000008493e-08	0.9228910735778619	-0.35846189892573466	-0.1406311961438779	0.001	0	0
9.241500000008504e-08	0.9231515350693343	-0.3553545504551173	-0.1466778332604254	0.001	0	0
9.251600000008516e-08	0.9234111518063348	-0.35214635102036496	-0.152659071734175	0.001	0	0
9.261700000008527e-08	0.92366992629224	-0.34883863216842087	-0.15857325111806525	0.001	0	0
9.271800000008539e-08	0.9239278610246061	-0.3454327523644107	-0.16441873742503868	0.001	0	0
9.28190000000855e-08	0.9241849584951711	-0.34193009647568684	-0.17019392355606142	0.001	0	0
9.292000000008562e-08	0.9244412211898569	-0.3383320752492364	-0.17589722971823962	0.001	0	0
9.302100000008573e-08	0.9246966515887726	-0.3346401247826408	-0.18152710383292817	0.001	0	0
9.312200000008585e-08	0.9249512521662165	-0.3308557059887773	-0.18708202193373918	0.001	0	0
9.322300000008596e-08	0.9252050253906794	-0.3269803040544493	-0.19256048855435576	0.001	0	0
9.332400000008608e-08	0.9254579737248465	-0.3230154278931465	-0.1979610371060653	0.001	0	0
9.342500000008619e-08	0.9257100996256008	-0.3189626095921129	-0.20328223024492245	0.001	0	0
9.35260000000863e-08	0.9259614055440264	-0.3148234038539302	-0.20852266022846566	0.001	0	0
9.362700000008642e-08	0.9262118939254115	-0.31059938743280535	-0.2136809492619042	0.001	0	0
9.372800000008653e-08	0.9264615672092504	-0.3062921585657601	-0.2187557498337055	0.001	0	0
9.382900000008665e-08	0.9267104278292488	-0.3019033363989178	-0.22374574504050865	0.001	0	0
9.393000000008676e-08	0.9269584782133256	-0.29743456040908983	-0.2286496489012995	0.001	0	0
9.403100000008688e-08	0.9272057207836155	-0.29288748982085394	-0.23346620666078274	0.001	0	0
9.413200000008699e-08	0.9274521579564754	-0.2882638030193308	-0.23819419508188996	0.001	0	0
9.42330000000871e-08	0.9276977921424853	-0.28356519695885496	-0.24283242272736957	0.001	0	0
9.433400000008722e-08	0.9279426257464533	-0.27879338656774144	-0.2473797302304049	0.001	0	0
9.443500000008734e-08	0.9281866611674181	-0.2739501041493521	-0.2518349905542118	0.001	0	0
9.453600000008745e-08	0.9284299007986545	-0.26903709877965915	-0.25619710924056976	0.001	0	0
9.463700000008756e-08	0.9286723470276763	-0.26405613570151404	-0.26046502464724647	0.001	0	0
9.473800000008768e-08	0.9289140022362401	-0.25900899571581815	-0.2646377081742769	0.001	0	0
9.48390000000878e-08	0.9291548688003498	-0.2538974745698046	-0.2687141644790619	0.001	0	0
9.494000000008791e-08	0.9293949490902603	-0.2487233823426284	-0.2726934316802574	0.001	0	0
9.504100000008802e-08	0.9296342454704826	-0.24348854282847235	-0.2765745815504268	0.001	0	0
9.514200000008814e-08	0.929872760299787	-0.23819479291737322	-0.28035671969743187	0.001	0	0
9.524300000008825e-08	0.9301104959312084	-0.23284398197396602	-0.28403898573454495	0.001	0	0
9.534400000008837e-08	0.9303474547120498	-0.22743797121435672	-0.2876205534392633	0.001	0	0
9.544500000008848e-08	0.930583638983887	-0.22197863308132132	-0.29110063090081917	0.001	0	0
9.55460000000886e-08	0.9308190510825738	-0.21646785061803844	-0.2944784606563668	0.001	0	0
9.564700000008871e-08	0.9310536933382468	-0.21090751684055664	-0.2977533198158503	0.001	0	0
9.574800000008882e-08	0.931287568075329	-0.20529953410919888	-0.30092452017555105	0.001	0	0
9.584900000008894e-08	0.9315206776125349	-0.19964581349910707	-0.30399140832030713	0.001	0	0
9.595000000008905e-08	0.9317530242628762	-0.1939482741701308	-0.3069533657144226	0.001	0	0
9.605100000008917e-08	0.9319846103336661	-0.18820884273625638	-0.309809808781265	0.001	0	0
9.615200000008928e-08	0.9322154381265243	-0.18242945263478277	-0.3125601889715738	0.001	0	0
9.62530000000894e-08	0.9324455099373824	-0.17661204349544268	-0.315203992820489	0.001	0	0
9.635400000008951e-08	0.9326748280564884	-0.170758560509667	-0.3177407419933213	0.001	0	0
9.645500000008963e-08	0.9329033947684124	-0.16487095380019287	-0.32016999332008944	0.001	0	0
9.655600000008974e-08	0.9331312123520522	-0.15895117779121504	-0.3224913388188505	0.001	0	0
9.665700000008985e-08	0.933358283080638	-0.15300119057927536	-0.32470440570784986	0.001	0	0
9.675800000008997e-08	0.9335846092217376	-0.14702295330508705	-0.3268088564065326	0.001	0	0
9.685900000009008e-08	0.9338101930372631	-0.14101842952649213	-0.32880438852544447	0.001	0	0
9.69600000000902e-08	0.9340350367834745	-0.1349895845927428	-0.3306907348450699	0.001	0	0
9.706100000009031e-08	0.9342591427109876	-0.1289383850203006	-0.3324676632836453	0.001	0	0
9.716200000009043e-08	0.9344825130647777	-0.12286679787035035	-0.3341349768540013	0.001	0	0
9.726300000009054e-08	0.9347051500841864	-0.11677679012821214	-0.33569251360947905	0.001	0	0
9.736400000009066e-08	0.9349270560029272	-0.11067032808484724	-0.3371401465789737	0.001	0	0
9.746500000009077e-08	0.9351482330490908	-0.10454937672064439	-0.33847778369117265	0.001	0	0
9.756600000009089e-08	0.9353686834451513	-0.09841589909167298	-0.33970536768803333	0.001	0	0
9.7667000000091e-08	0.9355884094079733	-0.09227185571858923	-0.3408228760275733	0.001	0	0
9.776800000009111e-08	0.9358074131488157	-0.08611920397838033	-0.3418303207760426	0.001	0	0
9.786900000009123e-08	0.9360256968733396	-0.07995989749912742	-0.34272774848953835	0.001	0	0
9.797000000009134e-08	0.9362432627816134	-0.07379588555797097	-0.3435152400851436	0.001	0	0
9.807100000009146e-08	0.9364601130681198	-0.06762911248245591	-0.34419291070165803	0.001	0	0
9.817200000009157e-08	0.9366762499217616	-0.06146151705543553	-0.3447609095500099	0.001	0	0
9.827300000009169e-08	0.9368916755258676	-0.05529503192370915	-0.3452194197534207	0.001	0	0
9.83740000000918e-08	0.9371063920581999	-0.049131583010568934	-0.34556865817741467	0.001	0	0
9.847500000009192e-08	0.9373204016909598	-0.04297308893242789	-0.34580887524975895	0.001	0	0
9.857600000009203e-08	0.9375337065907938	-0.03682146041969919	-0.3459403547704255	0.001	0	0
9.867700000009215e-08	0.9377463089188013	-0.03067859974209587	-0.3459634137116647	0.001	0	0
9.877800000009226e-08	0.9379582108305395	-0.02454640013851761	-0.34587840200829667	0.001	0	0
9.887900000009237e-08	0.9381694144760322	-0.01842674525168891	-0.3456857023383064	0.001	0	0
9.898000000009249e-08	0.9383799219997748	-0.012321508567711617	-0.3453857298938573	0.001	0	0
9.90810000000926e-08	0.9385897355407408	-0.006232552860691708	-0.34497893214282094	0.001	0	0
9.918200000009272e-08	0.9387988572323902	-0.0001617296425993474	-0.3444657885809284	0.001	0	0
9.928300000009283e-08	0.9390072892026754	0.00588912138148222	-0.3438468104746611	0.001	0	0
9.938400000009295e-08	0.9392150335740473	0.011918172852564884	-0.3431225405949855	0.001	0	0
9.948500000009306e-08	0.9394220924634644	0.017923610291269418	-0.34229355294205155	0.001	0	0
9.958600000009318e-08	0.939628467982397	0.023903632625495476	-0.34136045246097124	0.001	0	0
9.968700000009329e-08	0.9398341622368365	0.029856452712100915	-0.3403238747487957	0.001	0	0
9.97880000000934e-08	0.940039177327301	0.03578029785244596	-0.33918448575281457	0.001	0	0
9.988900000009352e-08	0.9402435153488439	0.04167341030166017	-0.33794298146030183	0.001	0	0
9.999000000009363e-08	0.9404471783910594	0.04753404777149249	-0.3366000875798348	0.001	0	0
