#t	<mx>	<my>	<mz>	Dt
1.000000e-15	0.9999999998452698	1.7587964813166517e-05	3.5175929628147303e-07	2.3591825073802822e-12
2.360183e-12	0.9991382058340986	0.04149887208226189	0.0008302159471474137	3.031782760035846e-11
3.267801e-11	0.8392787126569873	0.5435799150520918	0.01149427826314625	3.308786950937023e-11
6.576588e-11	0.40226766003713604	0.9152298902708442	0.023129583720109367	3.256769943263114e-11
9.833358e-11	-0.15792895328579667	0.9868449501271864	0.034575860401782565	3.2668558850050467e-11
1.310021e-10	-0.6685861996231782	0.7422075404893702	0.04604845832550519	3.265302332329906e-11
1.636552e-10	-0.9639553248178053	0.2597758339550836	0.05750345944671582	3.2655841178386834e-11
1.963110e-10	-0.9497282355423793	-0.30538985007045777	0.06894431149487462	3.2652031231988045e-11
2.289630e-10	-0.6309366065855827	-0.7716607743601965	0.08036571273927547	3.264600425533195e-11
2.616090e-10	-0.11052838434202085	-0.9896276351953642	0.09176393579382548	3.263673826457151e-11
2.942458e-10	0.444062884802256	-0.8900400781924318	0.10313492886654807	3.2624199233217435e-11
3.268700e-10	0.8550096124771371	-0.5058202377771218	0.1144746680571372	3.260816696516348e-11
3.594781e-10	0.9912925276221234	0.038971053228934446	0.12577909878342095	3.258846068813101e-11
3.920666e-10	0.8105179837179676	0.5694554392939579	0.13704415612599213	3.256490721629067e-11
4.246315e-10	0.3719490591472225	0.9163357232142763	0.1482657740709739	3.2537356462330396e-11
4.571689e-10	-0.18321832090007306	0.9700566814146634	0.15943990005430805	3.250568781868139e-11
4.896746e-10	-0.6776705725168627	0.715311837461104	0.17056251151025661	3.2469817378591955e-11
5.221444e-10	-0.9548684234452494	0.2350254661692146	0.18162963458402778	3.242970377785037e-11
5.545741e-10	-0.9286294539942951	-0.3170775662404219	0.1926373643956657	3.238535271800654e-11
5.869594e-10	-0.6096451272205835	-0.7660856573776835	0.20358188626791132	3.2336819883581846e-11
6.192962e-10	-0.10084556887935679	-0.9715128899192625	0.21445949724393737	3.2284212128546936e-11
6.515805e-10	0.4363574488579781	-0.8711183177371121	0.22526662719768492	3.2227686884248614e-11
6.838081e-10	0.8336821484683391	-0.4992776201156809	0.23599985884918628	3.216744984600706e-11
7.159756e-10	0.9687714885689648	0.025350487475722217	0.24665594604755742	3.210375108616061e-11
7.480793e-10	0.8025486737569689	0.5382819075587197	0.25723182976815967	3.2036879828735655e-11
7.801162e-10	0.38982302848465894	0.8811137937316958	0.2677246513841921	3.1967158175459007e-11
8.120834e-10	-0.13945959816014972	0.9503650577253596	0.2781317629032745	3.189493411555219e-11
8.439783e-10	-0.6217056012562524	0.7282021144032031	0.2884507340002897	3.182057415946259e-11
8.757989e-10	-0.9104594322000733	0.28610184327881744	0.2986793558155352	3.174445592502993e-11
9.075434e-10	-0.9206407302818012	-0.23885883956927684	0.3088156416145563	3.1666960971216185e-11
9.392103e-10	-0.652953338110612	-0.6870091891638674	0.31885782451527545	3.1588468124568727e-11
9.707988e-10	-0.19170448523819825	-0.9247362262115852	0.3288043525738571	3.1509347487221886e-11
1.002308e-09	0.32243578108020854	-0.8839393166778036	0.33865388158173215	3.142995525433855e-11
1.033738e-09	0.7357369736905951	-0.5807795418182845	0.3484052659618513	3.135062941048114e-11
1.065089e-09	0.9273334028312074	-0.10884646156777425	0.3580575481646341	3.127168632369238e-11
1.096360e-09	0.844089184287776	0.3903541672208257	0.3676099469570056	3.119341821110234e-11
1.127554e-09	0.5145279495870522	0.7701203504376114	0.3770618449745278	3.1116091418207516e-11
1.158670e-09	0.03848212374577194	0.9215228118688437	0.3864127758723235	3.103994543230921e-11
1.189710e-09	-0.44367926543796143	0.8041143983599592	0.39566241136937896	3.096519253193914e-11
1.220675e-09	-0.792630032724256	0.4559232951929086	0.40481054843467823	3.089201797587602e-11
1.251567e-09	-0.9101345655583819	-0.019426167613849497	0.41385709681929383	3.0820580628857316e-11
1.282388e-09	-0.7661540260361166	-0.48399010366924594	0.4228020670939087	3.075101393034446e-11
1.313139e-09	-0.4057342697681289	-0.805643726136182	0.4316455593112615	3.0683427121725397e-11
1.343822e-09	0.06559295133128287	-0.8954083941372463	0.44038775237761707	3.061790665331369e-11
1.374440e-09	0.5130611372144008	-0.7315335410400946	0.4490288941856704	3.055451771023461e-11
1.404995e-09	0.8112510753830859	-0.3640082900393715	0.45756929253655054	3.0493305799823505e-11
1.435488e-09	0.878981877194468	0.10112460376578349	0.4660093068565287	3.0434298360932264e-11
1.465922e-09	0.7009164909707224	0.5326431973321301	0.4743493406984928	3.037750635932153e-11
1.496300e-09	0.3303071350436107	0.811174609864667	0.4825898350050351	3.032292584471927e-11
1.526623e-09	-0.12729897385257674	0.8619615998713631	0.4907312621010415	3.027053945269812e-11
1.556893e-09	-0.5443369212299984	0.6744788306739786	0.4987741203776605	3.022031783640382e-11
1.587113e-09	-0.8067691417143956	0.3039070225206447	0.5067189296247514	3.017222102427188e-11
1.617286e-09	-0.8450303787630085	-0.14541408814788456	0.514566226967691	3.01261996973056e-11
1.647412e-09	-0.6520705845593533	-0.5495355860990063	0.5223165633629139	3.008219638745846e-11
1.677494e-09	-0.2839510404067659	-0.7990638742539612	0.5299705006075008	3.004014659652949e-11
1.707534e-09	0.15669486535353883	-0.8285588173891143	0.5375286088187202	2.9999979840051543e-11
1.737534e-09	0.5494123640755715	-0.6333485280600261	0.5449914643414979	2.9961620619295284e-11
1.767496e-09	0.7888209084903681	-0.2695559191366187	0.5523596480435942	2.9924989325532545e-11
1.797421e-09	0.8127038074972639	0.16224239242662553	0.5596337439604004	2.989000308119775e-11
1.827311e-09	0.6178759370995176	0.5449319519936265	0.5668143382535492	2.985657652278322e-11
1.857167e-09	0.25988100775200373	0.7765940606449249	0.5739020184498653	2.982462252919291e-11
1.886992e-09	-0.16301176763411332	0.797486931389291	0.5808973729292414	2.9794052899772666e-11
1.916786e-09	-0.5368731034460139	0.6051919251015095	0.5878009906321819	2.976477898470955e-11
1.946551e-09	-0.7627799596421738	0.2541683796501631	0.59461346095955	2.973671227236902e-11
1.976288e-09	-0.7828519497321316	-0.15980798781728278	0.6013353738392505	2.970976493404768e-11
2.005997e-09	-0.5948554761210704	-0.5258542577737927	0.6079673199358239	2.968385032959871e-11
2.035681e-09	-0.25176191560816735	-0.7476587000336571	0.6145098909808435	2.965888347512987e-11
2.065340e-09	0.15329279682020497	-0.7687037311677968	0.620963680203397	2.9634781473701327e-11
2.094975e-09	0.5123584487211581	-0.5864697698210263	0.627329282841253	2.961146391025695e-11
2.124586e-09	0.7314243315971992	-0.2521115639899779	0.6336072967147061	2.95888532109356e-11
2.154175e-09	0.7549322300146308	0.14399803529308347	0.6397983228462455	2.9566874967780074e-11
2.183742e-09	0.5796919459545615	0.49675608316864245	0.6459029661105162	2.954545822858907e-11
2.213287e-09	0.2547674768666875	0.7142068696166519	0.6519218359001058	2.952453575196216e-11
2.242812e-09	-0.13234274193241233	0.7414253018412832	0.6578555467938025	2.950404422804069e-11
2.272316e-09	-0.47932540958367553	0.5742327031952699	0.6637047192151755	2.948392446474861e-11
2.301800e-09	-0.6960879289896239	0.2593675787362786	0.6694699800703662	2.946412154060296e-11
2.331264e-09	-0.7280738094984305	-0.11865224102386063	0.6751519633552574	2.9444584922399474e-11
2.360709e-09	-0.5698493528478469	-0.4602709723716816	0.6807513107228785	2.942526855075485e-11
2.390134e-09	-0.2656213177820796	-0.6771119740236836	0.6862686720035102	2.9406130893071346e-11
2.419540e-09	0.10317796385988136	-0.7147719272093641	0.691704705670809	2.938713496334967e-11
2.448927e-09	0.43974041435801925	-0.5663352486812856	0.6970600792480832	2.93682483128721e-11
2.478295e-09	0.6572948294611859	-0.27329177674129074	0.7023354696504932	2.934944299078194e-11
2.507645e-09	0.7014149608435608	0.08611701001156725	0.7075315634595345	2.9330695476344e-11
2.536976e-09	0.5635079026809332	0.41783987960912666	0.7126490571272553	2.931198658571664e-11
2.566288e-09	0.28217788080482015	0.6366306896795184	0.7176886571088337	2.9293301353522456e-11
2.595581e-09	-0.06763060837673002	0.6878964438758469	0.7226510799227779	2.927462889259129e-11
2.624855e-09	-0.3946481202294032	0.5611975578743116	0.7275370521391383	2.925596223296591e-11
2.654111e-09	-0.6150984788805518	0.29209806295139484	0.7323473102967433	2.923729814348067e-11
2.683349e-09	-0.6741057678414896	-0.047860771330935394	0.7370826007513974	2.921863693685133e-11
2.712567e-09	-0.5592375058438701	-0.3702292884719973	0.7417436794574296	2.919998226251401e-11
2.741767e-09	-0.30287639585971127	-0.5926680875736878	0.7463313116858884	2.918134088765364e-11
2.770949e-09	0.026944581371560698	-0.6599271670681757	0.7508462716828816	2.9162722470614115e-11
2.800111e-09	0.34464431735695816	-0.5574569974118471	0.7552893422723002	2.914413932710377e-11
2.829256e-09	0.5693067425819184	-0.31433186323349566	0.7596613144072326	2.912560619414858e-11
2.858381e-09	0.6452404956426344	0.005025711228936627	0.7639629866750687	2.910713999071492e-11
2.887488e-09	0.5556771976414769	0.3179607536459704	0.7681951647610139	2.9088759580287903e-11
2.916577e-09	0.3262711264324996	0.5449855512096536	0.772358660875359	2.9070485534784e-11
2.945648e-09	0.017737055352942937	0.629923906132382	0.7764542931495251	2.9052339903020905e-11
2.974700e-09	-0.2902608944759081	0.5537102846710874	0.7804828850061407	2.9034345985454084e-11
3.003734e-09	-0.5196860877073632	0.3384848552503583	0.7844452645083393	2.901652811554584e-11
3.032751e-09	-0.6138582649146708	0.041164376237487706	0.7883422636932061	2.8998911450127774e-11
3.061750e-09	-0.5513614932379197	-0.26164808446371685	0.7921747178943035	2.89815217687681e-11
3.090731e-09	-0.35074744452587825	-0.49340675977360093	0.7959434650578407	2.8964385284850194e-11
3.119696e-09	-0.06505390796783325	-0.5969329225364605	0.799649345057065	2.894752846692903e-11
3.148643e-09	0.2322510509082608	-0.5484336657956737	0.8032931990088845	2.8930977872200566e-11
3.177574e-09	0.46616860733500864	-0.36281973790270255	0.8068758685966219	2.8914759992510217e-11
3.206489e-09	0.5790523053351118	-0.0891806737724212	0.8103981954024758	2.889890111227016e-11
3.235388e-09	0.5447337026613752	0.2022261924128714	0.8138610202528568	2.8883427179784862e-11
3.264271e-09	0.37445422934981154	0.4380201496109477	0.8172651825795846	2.8868363689983562e-11
3.293140e-09	0.11329994238954413	0.5601427109470042	0.8206115197993913	2.8853735580285892e-11
3.321993e-09	-0.1717577934475345	0.5400801998017172	0.8239008667140552	2.8839567138452705e-11
3.350833e-09	-0.40904091169609347	0.38540211173369476	0.8271340549330787	2.8825881921673612e-11
3.379659e-09	-0.5401586754531327	0.13715222780349523	0.8303119123204576	2.8812702687445523e-11
3.408471e-09	-0.5343115269203769	-0.14105621388908124	0.8334352624669138	2.8800051335045995e-11
3.437271e-09	-0.3954214878026646	-0.3793433257514346	0.8365049241885957	2.8787948856569567e-11
3.466059e-09	-0.1604699471057772	-0.5190883284630959	0.8395217110529413	2.8776415298788744e-11
3.494836e-09	0.11035419429684157	-0.5272936236064085	0.8424864309323433	2.8765469732748585e-11
3.523601e-09	0.34907280603880897	-0.40428604914807165	0.8453998855857711	2.87551302322714e-11
3.552356e-09	0.49695725394005696	-0.1829852198409173	0.848262870268485	2.874541386018293e-11
3.581102e-09	0.5189268684873473	0.07990151615736045	0.8510761733697344	2.873633666107439e-11
3.609838e-09	0.4117935593245651	0.31840592824476766	0.8538405760781071	2.8727913660673205e-11
3.638566e-09	0.2044382611680246	0.4738305145676682	0.8565568520741241	2.8720158871325364e-11
3.667286e-09	-0.04995835048651538	0.5091514942638238	0.8592257672495522	2.8713085301531355e-11
3.695999e-09	-0.28754678593819744	0.4177735437295941	0.8618480794526546	2.8706704971006797e-11
3.724706e-09	-0.44981265941370535	0.22458581675472486	0.8644245382587096	2.8701028929178823e-11
3.753407e-09	-0.4979511674187276	-0.020787706411473747	0.8669558847648918	2.869606727728218e-11
3.782103e-09	-0.4220936854385406	-0.25672173427146733	0.8694428514086252	2.8691829192837433e-11
3.810795e-09	-0.24320911230435996	-0.42504570170649425	0.8718861618083861	2.8688322957802077e-11
3.839483e-09	-0.007352556291680624	-0.4853545119619235	0.874286530626076	2.8685555986940305e-11
3.868169e-09	0.226172848687215	-0.4246645459203675	0.8766446634497687	2.868353485951352e-11
3.896852e-09	0.3997052102878414	-0.26012084517823775	0.878961256695943	2.8682265351188502e-11
3.925535e-09	0.4714345187296157	-0.03421766699191537	0.8812369975300662	2.8681752467063825e-11
3.954216e-09	0.4254423640264307	0.1961505133725508	0.8834725638044945	2.8682000475559653e-11
3.982898e-09	0.2751708270326491	0.3739947919285102	0.8856686240126824	2.8683012942293883e-11
4.011581e-09	0.05958336810625911	0.4563059334931994	0.8878258372586448	2.8684792764382484e-11
4.040266e-09	-0.1669056036749757	0.4244298265346987	0.8899448532407036	2.86873422044938e-11
4.068954e-09	-0.34813934288358866	0.28824998905962346	0.8920263122485289	2.8690662924375618e-11
4.097644e-09	-0.440120848221904	0.0832524040069293	0.8940708451725169	2.869475601838501e-11
4.126339e-09	-0.42167483911889797	-0.13868173652397126	0.8960790735246233	2.8699622046270645e-11
4.155039e-09	-0.2992925774005577	-0.32237751137711446	0.8980516094697618	2.8705261064831742e-11
4.183744e-09	-0.10505973326374199	-0.42306282248191446	0.8999890558668963	2.8711672659585806e-11
4.212456e-09	0.11170803505277227	-0.4172674488171776	0.9018920063190785	2.871885597466932e-11
4.241174e-09	0.2969538366253454	-0.3082764863484899	0.9037610452316016	2.8726809742467618e-11
4.269901e-09	0.40533993120533834	-0.12487622033031863	0.9055967478775888	2.8735532312059972e-11
4.298637e-09	0.4113351701528797	0.0861927936528282	0.907399680470311	2.8745021676247802e-11
4.327382e-09	0.3152217917091036	0.272111016602252	0.909170400241556	2.875527549800887e-11
4.356137e-09	0.14261067139459713	0.38717716905659183	0.9109094555254685	2.8766291136003375e-11
4.384903e-09	-0.062318345557496116	0.4040370414408161	0.912617385847283	2.877806566816612e-11
4.413681e-09	-0.24808271100261012	0.32018764778582187	0.9142947220163627	2.879059591501653e-11
4.442472e-09	-0.36880864146370246	0.15821018884831678	0.9159419862230785	2.8803878461710695e-11
4.471276e-09	-0.3955567824580839	-0.04023733605876981	0.9175596921390462	2.8817909678763264e-11
4.500094e-09	-0.3232677922511694	-0.22508721496248799	0.9191483450202615	2.883268574213722e-11
4.528926e-09	-0.17165892076016243	-0.35046994178989327	0.9207084418127408	2.884820265167772e-11
4.557775e-09	0.02007050014465895	-0.386095439229211	0.9222404712602598	2.886445624938861e-11
4.586639e-09	0.20332225140784504	-0.3245849594727908	0.9237449140138699	2.8881442235990693e-11
4.615521e-09	0.33239105883801173	-0.18297536866602346	0.9252222427428333	2.889915618694377e-11
4.644420e-09	0.37586388834008116	0.0019059424581734912	0.9266729222466907	2.8917593567478566e-11
4.673337e-09	0.3242845330158197	0.1829610341016413	0.928097409568182	2.8936749746713465e-11
4.702274e-09	0.1922084839551115	0.3147900859246018	0.9294961541067608	2.8956620010931182e-11
4.731231e-09	0.014200172751635992	0.3650755361719201	0.9308695977324691	2.897719957593872e-11
4.760208e-09	-0.16414965766333464	0.32252777287423534	0.932218174899951	2.8998483599041644e-11
4.789206e-09	-0.2978679196817946	0.19943282755506336	0.9335423127624332	2.9020467189697506e-11
4.818227e-09	-0.35393949338979896	0.02822168824261417	0.9348424312854596	2.9043145419953975e-11
4.847270e-09	-0.31948493538978495	-0.14700578199878875	0.9361189433602491	2.9066513334042043e-11
4.876336e-09	-0.20474308936794106	-0.2818040508381596	0.9373722549165168	2.9090565957143456e-11
4.905427e-09	-0.04015949876782002	-0.34265443836040493	0.9386027650346193	2.911529830381228e-11
4.934542e-09	0.1316185019651159	-0.3153285682931307	0.9398108660569228	2.91407053858556e-11
4.963683e-09	0.26675346700039404	-0.20824826480373415	0.9409969436982797	2.9166782219149236e-11
4.992850e-09	0.3314033114133522	-0.05003783149481176	0.9421613771555071	2.919352383084989e-11
4.992850e-09	0.3314033114133522	-0.05003783149481176	0.9421613771555071	7.150153426350395e-12
5.000000e-09	0.33426908972572705	-0.008057160393934159	0.9424432385137688	7.150153426350395e-12
