#t	<mx>	<my>	<mz>	B_ext_x	B_ext_y	B_ext_z
1.000000e-13	1.742082339830732e-06	0.9999999998467399	1.7420823397417346e-05	0.001	0	0
1.001000e-10	0.0017469614516101362	0.9998458841491696	0.01746871705798164	0.001	0	0
2.001000e-10	0.003498456487868992	0.9993819816580877	0.034977357523923884	0.001	0	0
3.001000e-10	0.005256238856677845	0.9986050951976794	0.05253794627043618	0.001	0	0
4.001000e-10	0.007020320030698091	0.9975121042999736	0.07014497046620753	0.001	0	0
5.001000e-10	0.008790711285762544	0.996099968657097	0.08779280059561119	0.001	0	0
6.001000e-10	0.010567423696906641	0.9943657316199344	0.10547569073659958	0.001	0	0
7.001000e-10	0.012350468134358358	0.9923065237419991	0.12318777892279487	0.001	0	0
8.001000e-10	0.01413985525948837	0.9899195663672339	0.1409230875923048	0.001	0	0
9.001000e-10	0.015935595520718777	0.9872021752603679	0.15867552412580196	0.001	0	0
1.000100e-09	0.017737699149391908	0.9841517642783724	0.1764388814764276	0.001	0	0
1.100100e-09	0.01954617615559857	0.9807658490814531	0.19420683889407803	0.001	0	0
1.200100e-09	0.021361036323965837	0.9770420508819313	0.21197296274665728	0.001	0	0
1.300100e-09	0.023182289209404686	0.9729781002292552	0.2297307074408664	0.001	0	0
1.400100e-09	0.02500994413281807	0.9685718408292958	0.24747341644512538	0.001	0	0
1.500100e-09	0.026844010176768168	0.963821233395968	0.26519432341719595	0.001	0	0
1.600100e-09	0.02868449618110446	0.9587243595331142	0.282886553439106	0.001	0	0
1.700100e-09	0.03053141073855237	0.9532794256444863	0.3005431243619329	0.001	0	0
1.800100e-09	0.032384762190261776	0.9474847668695429	0.31815694826303625	0.001	0	0
1.900100e-09	0.034244558621317416	0.9413388510426777	0.3357208330182728	0.001	0	0
2.000100e-09	0.03611080785620909	0.9348402826733678	0.3532274839917607	0.001	0	0
2.100100e-09	0.037983517454264475	0.9279878069446328	0.3706695058456961	0.001	0	0
2.200100e-09	0.03986269470504281	0.9207803137270555	0.38803940447273855	0.001	0	0
2.300100e-09	0.04174834662369044	0.9132168416055212	0.40532958905343264	0.001	0	0
2.400100e-09	0.04364047994625862	0.9052965819156876	0.42253237424111445	0.001	0	0
2.500100e-09	0.04553910112498402	0.8970188827870909	0.4396399824767169	0.001	0	0
2.600100e-09	0.04744421632353165	0.8883832531896615	0.4566445464358467	0.001	0	0
2.700100e-09	0.04935583141220232	0.8793893669802957	0.4735381116104647	0.001	0	0
2.800100e-09	0.05127395196310126	0.8700370669460137	0.49031263902745076	0.001	0	0
2.900100e-09	0.05319858324527395	0.8603263688400816	0.5069600081062956	0.001	0	0
3.000100e-09	0.055129730219803205	0.8502574654073755	0.5234720196580875	0.001	0	0
3.100100e-09	0.057067397534874095	0.8398307303951061	0.5398403990279156	0.001	0	0
3.200100e-09	0.05901158952080261	0.82904672254492	0.5560567993827206	0.001	0	0
3.300100e-09	0.060962310185030406	0.8179061895622188	0.5721128051466041	0.001	0	0
3.400100e-09	0.0629195632070866	0.8064100720584529	0.5879999355854642	0.001	0	0
3.500100e-09	0.06488335193351595	0.7945595074619762	0.6037096485427853	0.001	0	0
3.600100e-09	0.06685367937277631	0.7823558338929273	0.6192333443283108	0.001	0	0
3.700100e-09	0.06883054819010109	0.7698005939974661	0.6345623697612384	0.001	0	0
3.800100e-09	0.0708139607023348	0.7568955387365573	0.6496880223694635	0.001	0	0
3.900100e-09	0.07280391887273353	0.7436426311243701	0.6646015547462979	0.001	0	0
4.000100e-09	0.07480042430574037	0.7300440499112063	0.6792941790659811	0.001	0	0
4.100100e-09	0.0768034782417276	0.7161021932057561	0.6937570717591846	0.001	0	0
4.200100e-09	0.07881308155171426	0.701819682031335	0.7079813783495711	0.001	0	0
4.300100e-09	0.08082923473205199	0.6871993638106276	0.7219582184523557	0.001	0	0
4.400100e-09	0.08285193789908889	0.6722443157733421	0.7356786909356534	0.001	0	0
4.500100e-09	0.08488119078380328	0.6569578482810235	0.7491338792452864	0.001	0	0
4.600100e-09	0.08691699272641555	0.6413435080631849	0.7623148568935306	0.001	0	0
4.700100e-09	0.0889593426709736	0.6254050813587487	0.7752126931121581	0.001	0	0
4.800100e-09	0.09100823915991707	0.6091465969566943	0.7878184586699463	0.001	0	0
4.900100e-09	0.09306368032861664	0.5925723291296895	0.8001232318546363	0.001	0	0
5.000100e-09	0.09512566389989573	0.5756868004543348	0.8121181046191833	0.001	0	0
5.100100e-09	0.09719418717852783	0.5584947845115703	0.8237941888919101	0.001	0	0
5.200100e-09	0.09926924704571823	0.5410013084606581	0.8351426230499984	0.001	0	0
5.300100e-09	0.10135083995356486	0.5232116554800667	0.8461545785555468	0.001	0	0
5.400100e-09	0.10343896191950383	0.5051313670684516	0.8568212667532084	0.001	0	0
5.500100e-09	0.10553360852073841	0.48676624519885964	0.8671339458282066	0.001	0	0
5.600100e-09	0.10763477488865361	0.4681223543191589	0.8770839279232957	0.001	0	0
5.700100e-09	0.10974245570321589	0.4492060231916357	0.8866625864129957	0.001	0	0
5.800100e-09	0.11185664518736395	0.4300238465645905	0.895861363333201	0.001	0	0
5.900100e-09	0.11397733710138495	0.41058268666870973	0.9046717769639889	0.001	0	0
6.000100e-09	0.11610452473728163	0.39088967453088924	0.9130854295632284	0.001	0	0
6.100100e-09	0.11823820091313436	0.3709522110981635	0.9210940152482855	0.001	0	0
6.200100e-09	0.12037835796745244	0.3507779681642845	0.9286893280228841	0.001	0	0
6.300100e-09	0.122524987753521	0.3303748890914912	0.9358632699458743	0.001	0	0
6.400100e-09	0.12467808163374644	0.30975118931994106	0.9426078594383834	0.001	0	0
6.500100e-09	0.1268376304739947	0.2889153566572373	0.9489152397255319	0.001	0	0
6.600100e-09	0.1290036246379335	0.267876151340493	0.9547776874085823	0.001	0	0
6.700100e-09	0.13117605398136956	0.2466426058633073	0.9601876211630902	0.001	0	0
6.800100e-09	0.13335490784659523	0.2252240245600738	0.9651376105583025	0.001	0	0
6.900100e-09	0.13554017505673194	0.20362998294000914	0.9696203849927261	0.001	0	0
7.000100e-09	0.13773184391008106	0.18187032676331472	0.9736288427404635	0.001	0	0
7.100100e-09	0.13992990217448747	0.15995517085192315	0.9771560601025667	0.001	0	0
7.200100e-09	0.1421343370817023	0.13789489762729357	0.9801953006573249	0.001	0	0
7.300100e-09	0.1443451353217659	0.11570015536779295	0.9827400246030533	0.001	0	0
7.400100e-09	0.14656228303739693	0.09338185617824542	0.9847838981865876	0.001	0	0
7.500100e-09	0.14878576581839914	0.07095117366431646	0.9863208032103391	0.001	0	0
7.600100e-09	0.15101556869608285	0.048419540304479064	0.9873448466103938	0.001	0	0
7.700100e-09	0.15325167613770632	0.025798644512421635	0.9878503700977721	0.001	0	0
7.800100e-09	0.1554940720409349	0.0031004273828612967	0.9878319598545958	0.001	0	0
7.900100e-09	0.15774273972832625	-0.01966292088613202	0.987284456276522	0.001	0	0
8.000100e-09	0.1599976619418367	-0.04247896490105506	0.9862029637524319	0.001	0	0
8.100100e-09	0.16225882083735377	-0.06533502831772113	0.9845828604719842	0.001	0	0
8.200100e-09	0.16452619797926077	-0.08821819842925366	0.9824198082512313	0.001	0	0
8.300100e-09	0.16679977433502824	-0.11111533110353575	0.9797097623661485	0.001	0	0
8.400100e-09	0.16907953026984118	-0.13401305607611938	0.9764489813834969	0.001	0	0
8.500100e-09	0.1713654455412597	-0.15689778260436413	0.9726340369780813	0.001	0	0
8.600100e-09	0.17365749929391683	-0.17975570548833492	0.9682618237250574	0.001	0	0
8.700100e-09	0.17595567005425883	-0.20257281146370357	0.9633295688555643	0.001	0	0
8.800100e-09	0.17825993572532461	-0.22533488597164159	0.9578348419635562	0.001	0	0
8.900100e-09	0.18057027358156924	-0.2480275203103515	0.9517755646513392	0.001	0	0
9.000100e-09	0.18288666026373845	-0.2706361191726005	0.9451500201009202	0.001	0	0
9.100100e-09	0.18520907177378898	-0.2931459085732368	0.937956862557902	0.001	0	0
9.200100e-09	0.18753748346986113	-0.3155419441703275	0.9301951267142831	0.001	0	0
9.300100e-09	0.1898718700613056	-0.3378091199831728	0.9218642369761488	0.001	0	0
9.400100e-09	0.19221220560376967	-0.3599321775100396	0.9129640166018679	0.001	0	0
9.500100e-09	0.1945584634943378	-0.38189571524801835	0.9034946966960719	0.001	0	0
9.600100e-09	0.19691061646674182	-0.4036841986169882	0.8934569250443178	0.001	0	0
9.700100e-09	0.19926863658663005	-0.42528197028918974	0.8828517747730082	0.001	0	0
9.800100e-09	0.20163249524690285	-0.4466732609253975	0.8716807528188171	0.001	0	0
9.900100e-09	0.20400216316312372	-0.4678422003182183	0.8599458081915244	0.001	0	0
1.000010e-08	0.20637761036900093	-0.48877282894245183	0.8476493400138841	0.001	0	0
1.010010e-08	0.20875880621194162	-0.5094491099119415	0.834794205321824	0.001	0	0
1.020010e-08	0.21114571934868945	-0.5298549413417325	0.8213837266080172	0.001	0	0
1.030010e-08	0.21353831774103932	-0.5499741691137809	0.8074216990915792	0.001	0	0
1.040010e-08	0.2159365686516404	-0.5697906000438194	0.7929123976964038	0.001	0	0
1.050010e-08	0.21834043863988126	-0.5892880154463384	0.7778605837204122	0.001	0	0
1.060010e-08	0.22074989355786875	-0.6084501850940103	0.7622715111777785	0.001	0	0
1.070010e-08	0.22316489854649835	-0.6272608815671599	0.7461509327959864	0.001	0	0
1.080010e-08	0.22558541803161986	-0.6457038949882048	0.7295051056494126	0.001	0	0
1.090010e-08	0.22801141572030328	-0.6637630481352571	0.7123407964109703	0.001	0	0
1.100010e-08	0.23044285459720262	-0.681422211928323	0.6946652862032219	0.001	0	0
1.110010e-08	0.23287969692102825	-0.6986653212808025	0.6764863750302462	0.001	0	0
1.120010e-08	0.23532190422112903	-0.715476391308151	0.657812385771511	0.001	0	0
1.130010e-08	0.2377694372941759	-0.7318395338848332	0.6386521677188931	0.001	0	0
1.140010e-08	0.240222256200969	-0.7477389745398203	0.6190150996380088	0.001	0	0
1.150010e-08	0.24268032026335803	-0.7631590696800783	0.5989110923350072	0.001	0	0
1.160010e-08	0.2451435880612797	-0.7780843241306304	0.5783505907100137	0.001	0	0
1.170010e-08	0.2476120174299222	-0.7924994089789019	0.557344575278503	0.001	0	0
1.180010e-08	0.2500855654570136	-0.806389179710196	0.5359045631419492	0.001	0	0
1.190010e-08	0.2525641884802407	-0.8197386946202271	0.5140426083892691	0.001	0	0
1.200010e-08	0.2550478420847988	-0.8325332334897448	0.4917713019107539	0.001	0	0
1.210010e-08	0.2575364811010748	-0.8447583165053545	0.46910377060637115	0.001	0	0
1.220010e-08	0.26003005960247677	-0.8563997234097298	0.4460536759705838	0.001	0	0
1.230010e-08	0.2625285309033919	-0.8674435128634425	0.4226352120361452	0.001	0	0
1.240010e-08	0.2650318475573042	-0.8778760419997176	0.39886310265963687	0.001	0	0
1.250010e-08	0.2675399613550455	-0.8876839861524716	0.374752598131887	0.001	0	0
1.260010e-08	0.27005282332320774	-0.8968543587370119	0.3503194710968656	0.001	0	0
1.270010e-08	0.2725703837227049	-0.9053745312618532	0.32558001176306417	0.001	0	0
1.280010e-08	0.27509259204748915	-0.913232253449124	0.3005510223919215	0.001	0	0
1.290010e-08	0.2776193970234328	-0.9204156734400879	0.27524981104839125	0.001	0	0
1.300010e-08	0.28015074660736966	-0.9269133580613691	0.249694184599341	0.001	0	0
1.310010e-08	0.2826865879863012	-0.9327143131264873	0.22390244094615813	0.001	0	0
1.320010e-08	0.28522686757677634	-0.9378080037464109	0.19789336047859657	0.001	0	0
1.330010e-08	0.28777153102443725	-0.9421843746218678	0.17168619673768623	0.001	0	0
1.340010e-08	0.29032052320374446	-0.9458338702892639	0.14530066627629967	0.001	0	0
1.350010e-08	0.2928737882178776	-0.9487474552911351	0.11875693770683671	0.001	0	0
1.360010e-08	0.2954312693988192	-0.9509166342411793	0.09207561992639393	0.001	0	0
1.370010e-08	0.29799290930761996	-0.9523334717530387	0.06527774951072397	0.001	0	0
1.380010e-08	0.30055864973484947	-0.9529906122011638	0.03838477726931954	0.001	0	0
1.390010e-08	0.3031284317012372	-0.952881299281251	0.01141855395499825	0.001	0	0
1.400010e-08	0.30570219545850746	-0.9519993953369617	-0.015598684877514509	0.001	0	0
1.410010e-08	0.3082798804904086	-0.9503394004188481	-0.042644334868344576	0.001	0	0
1.420010e-08	0.310861425513933	-0.9478964710406914	-0.06969543970769539	0.001	0	0
1.430010e-08	0.3134467684807482	-0.9446664385977298	-0.09672870885139608	0.001	0	0
1.440010e-08	0.31603584657882033	-0.9406458274106168	-0.12372053609730621	0.001	0	0
1.450010e-08	0.3186285962342503	-0.9358318723583064	-0.15064701902174382	0.001	0	0
1.460010e-08	0.32122495311331256	-0.9302225360624895	-0.17748397927368048	0.001	0	0
1.470010e-08	0.32382485212470413	-0.9238165255856704	-0.20420698372297155	0.001	0	0
1.480010e-08	0.32642822742200656	-0.916613308604484	-0.23079136645738596	0.001	0	0
1.490010e-08	0.3290350124063706	-0.9086131290194318	-0.25721225162160744	0.001	0	0
1.500010e-08	0.331645139729398	-0.8998170219618274	-0.2834445770898016	0.001	0	0
1.510010e-08	0.33425854129626503	-0.8902268281584311	-0.30946311896165046	0.001	0	0
1.520010e-08	0.3368751482690507	-0.879845207613995	-0.3352425168700878	0.001	0	0
1.530010e-08	0.33949489107029823	-0.8686756525717534	-0.36075730008719825	0.001	0	0
1.540010e-08	0.3421176993867906	-0.8567224997117594	-0.3859819144129994	0.001	0	0
1.550010e-08	0.3447435021735653	-0.8439909415469308	-0.4108907498299642	0.001	0	0
1.560010e-08	0.3473722276581513	-0.8304870369766758	-0.4354581689043336	0.001	0	0
1.570010e-08	0.3500038033450367	-0.8162177209580802	-0.45965853591335226	0.001	0	0
1.580010e-08	0.35263815602036636	-0.8011908132548007	-0.48346624667567756	0.001	0	0
1.590010e-08	0.35527521175687804	-0.7854150262240859	-0.5068557590602318	0.001	0	0
1.600010e-08	0.3579148959190723	-0.7688999716026778	-0.5298016241468508	0.001	0	0
1.610010e-08	0.36055713316861543	-0.7516561662527821	-0.5522785180100702	0.001	0	0
1.620010e-08	0.36320184746998146	-0.7336950368298344	-0.5742612740953896	0.001	0	0
1.630010e-08	0.36584896209633316	-0.7150289233343824	-0.5957249161553593	0.001	0	0
1.640010e-08	0.3684983996356452	-0.6956710815111228	-0.6166446917108046	0.001	0	0
1.650010e-08	0.37115008199706423	-0.6756356840589649	-0.6369961060004583	0.001	0	0
1.660010e-08	0.37380393041751087	-0.6549378206168532	-0.6567549563802827	0.001	0	0
1.670010e-08	0.3764598654685283	-0.6335934964911355	-0.6758973671316933	0.001	0	0
1.680010e-08	0.37911780706336634	-0.6116196300913573	-0.6943998246359049	0.001	0	0
1.690010e-08	0.3817776744643136	-0.589034049042571	-0.7122392128696193	0.001	0	0
1.700010e-08	0.3844393862902749	-0.5658554849435892	-0.729392849175266	0.001	0	0
1.710010e-08	0.3871028605245903	-0.5421035667420296	-0.7458385202570657	0.001	0	0
1.720010e-08	0.38976801452309695	-0.5177988126985513	-0.7615545183522275	0.001	0	0
1.730010e-08	0.3924347650224331	-0.49296262091430154	-0.7765196775247168	0.001	0	0
1.740010e-08	0.3951030281485932	-0.4676172583973893	-0.7907134100271229	0.001	0	0
1.750010e-08	0.39777271942572706	-0.44178584864602555	-0.8041157426743818	0.001	0	0
1.760010e-08	0.40044375378517016	-0.41549235772798543	-0.8167073531713072	0.001	0	0
1.770010e-08	0.4031160455747287	-0.3887615788380994	-0.8284696063341743	0.001	0	0
1.780010e-08	0.4057895085682042	-0.3616191153177022	-0.8393845901449573	0.001	0	0
1.790010e-08	0.40846405597515856	-0.334091362122245	-0.8494351515752251	0.001	0	0
1.800010e-08	0.41113960045091724	-0.3062054857257121	-0.8586049321151962	0.001	0	0
1.810010e-08	0.41381605410682	-0.27798940245297293	-0.866878402942016	0.001	0	0
1.820010e-08	0.4164933285206989	-0.2494717552338326	-0.8742408996599851	0.001	0	0
1.830010e-08	0.4191713347476051	-0.2206818887752589	-0.8806786565441991	0.001	0	0
1.840010e-08	0.4218499833307612	-0.19164982315108908	-0.8861788402179287	0.001	0	0
1.850010e-08	0.42452918431275527	-0.16240622581141592	-0.8907295826929957	0.001	0	0
1.860010e-08	0.4272088472469602	-0.13298238201687895	-0.8943200137014939	0.001	0	0
1.870010e-08	0.429888881209195	-0.10341016370617409	-0.8969402922463506	0.001	0	0
1.880010e-08	0.43256919480959843	-0.0737219968082772	-0.8985816372975669	0.001	0	0
1.890010e-08	0.4352496962047425	-0.04395082701414483	-0.899236357560376	0.001	0	0
1.900010e-08	0.43793029310996356	-0.01413008402598946	-0.8988978802411539	0.001	0	0
1.910010e-08	0.44061089281191923	0.015706355694358156	-0.8975607787366188	0.001	0	0
1.920010e-08	0.4432914021813558	0.04552420765300879	-0.8952207991717204	0.001	0	0
1.930010e-08	0.44597172768610194	0.07528881949896986	-0.8918748857116254	0.001	0	0
1.940010e-08	0.4486517754042679	0.10496521261437503	-0.8875212045733991	0.001	0	0
1.950010e-08	0.4513314510376608	0.13451812508422936	-0.882159166663286	0.001	0	0
1.960010e-08	0.4540106599254034	0.1639120560062245	-0.8757894487660333	0.001	0	0
1.970010e-08	0.45668930705775684	0.19311131109747615	-0.8684140132133518	0.001	0	0
1.980010e-08	0.4593672970901452	0.22208004955127347	-0.8600361259594843	0.001	0	0
1.990010e-08	0.46204453435737386	0.25078233209320405	-0.8506603729928717	0.001	0	0
2.000010e-08	0.46472092288804256	0.27918217018220826	-0.8402926750141515	0.001	0	0
2.010010e-08	0.4673963664191491	0.30724357629839527	-0.8289403003121208	0.001	0	0
2.020010e-08	0.4700707684108727	0.3349306152556445	-0.8166118757709119	0.001	0	0
2.030010e-08	0.47274403206154536	0.3622074564733121	-0.8033173959434255	0.001	0	0
2.040010e-08	0.4754160603227907	0.3890384271376217	-0.7890682301280681	0.001	0	0
2.050010e-08	0.4780867559148406	0.41538806617963936	-0.7738771273880389	0.001	0	0
2.060010e-08	0.48075602134202006	0.44122117899311175	-0.757758219454807	0.001	0	0
2.070010e-08	0.48342375890838735	0.4665028928118691	-0.7407270214600269	0.001	0	0
2.080010e-08	0.48608987073353876	0.4911987126629643	-0.7228004304429392	0.001	0	0
2.090010e-08	0.488754258768564	0.5152745778083196	-0.7039967215833108	0.001	0	0
2.100010e-08	0.4914168248121476	0.5386969185842997	-0.6843355421131708	0.001	0	0
2.110010e-08	0.49407747052681034	0.5614327135453795	-0.6638379028640203	0.001	0	0
2.120010e-08	0.496736097455294	0.5834495468149695	-0.6425261674097726	0.001	0	0
2.130010e-08	0.4993926070370711	0.6047156655434339	-0.6204240387695169	0.001	0	0
2.140010e-08	0.5020469006249831	0.6252000373704985	-0.5975565436381529	0.001	0	0
2.150010e-08	0.504698879502	0.6448724077864729	-0.5739500141171726	0.001	0	0
2.160010e-08	0.5073484448980826	0.6637033572842194	-0.5496320669221848	0.001	0	0
2.170010e-08	0.5099954980071721	0.6816643581913032	-0.5246315800483756	0.001	0	0
2.180010e-08	0.5126399400042685	0.6987278310696478	-0.49897866687978354	0.001	0	0
2.190010e-08	0.5152816720625999	0.7148672005679245	-0.47270464773318005	0.001	0	0
2.200010e-08	0.5179205953708947	0.7300569506100921	-0.44584201883240154	0.001	0	0
2.210010e-08	0.5205566111507344	0.7442726788019134	-0.41842441871416525	0.001	0	0
2.220010e-08	0.523189620673967	0.7574911499358882	-0.3904865920717848	0.001	0	0
2.230010e-08	0.525819525280215	0.76969034847385	-0.3620643510486675	0.001	0	0
2.240010e-08	0.5284462263944255	0.7808495298856363	-0.33319453399909305	0.001	0	0
2.250010e-08	0.5310696255444853	0.7909492707215142	-0.3039149617395383	0.001	0	0
2.260010e-08	0.5336896243788897	0.7999715172957156	-0.2742643913195987	0.001	0	0
2.270010e-08	0.5363061246844476	0.8078996328582824	-0.24428246734754075	0.001	0	0
2.280010e-08	0.5389190284040312	0.8147184431325974	-0.21400967091150755	0.001	0	0
2.290010e-08	0.5415282376543337	0.8204142800964507	-0.1834872661434964	0.001	0	0
2.300010e-08	0.544133654743677	0.8249750238851847	-0.15275724447936295	0.001	0	0
2.310010e-08	0.5467351821898199	0.8283901426965845	-0.12186226667429423	0.001	0	0
2.320010e-08	0.5493327227377638	0.8306507305785024	-0.09084560263939831	0.001	0	0
2.330010e-08	0.5519261793775786	0.8317495429818748	-0.05975106917128301	0.001	0	0
2.340010e-08	0.5545154553622159	0.8316810299638184	-0.02862296565271915	0.001	0	0
2.350010e-08	0.5571004542252933	0.8304413669278053	0.0024939921913246944	0.001	0	0
2.360010e-08	0.5596810797988784	0.8280284827905374	0.03355474039181974	0.001	0	0
2.370010e-08	0.5622572362312269	0.8244420854681668	0.06451393659142284	0.001	0	0
2.380010e-08	0.564828828004492	0.8196836845777791	0.09532603155522536	0.001	0	0
2.390010e-08	0.5673957599524008	0.8137566112537102	0.12594534222794937	0.001	0	0
2.400010e-08	0.5699579372778527	0.8066660349822762	0.15632612622318856	0.001	0	0
2.410010e-08	0.572515265570486	0.7984189773627314	0.1864226576245663	0.001	0	0
2.420010e-08	0.5750676508241673	0.7890243227069718	0.21618930397311106	0.001	0	0
2.430010e-08	0.5776149994543995	0.778492825395433	0.2455806043097252	0.001	0	0
2.440010e-08	0.5801572183156751	0.7668371139118908	0.2745513481363734	0.001	0	0
2.450010e-08	0.5826942147187095	0.754071691485533	0.3030566551545985	0.001	0	0
2.460010e-08	0.5852258964476021	0.7402129332745071	0.33105205563513806	0.001	0	0
2.470010e-08	0.587752171776889	0.7252790800314116	0.35849357126779774	0.001	0	0
2.480010e-08	0.590272949488479	0.709290228197694	0.3853377963364541	0.001	0	0
2.490010e-08	0.592788138888488	0.6922683163806872	0.411541979059939	0.001	0	0
2.500010e-08	0.5952976498239311	0.6742371081741285	0.43706410293581976	0.001	0	0
2.510010e-08	0.5978013926992934	0.655222171290285	0.46186296792060505	0.001	0	0
2.520010e-08	0.6002992784929705	0.6352508529794227	0.48589827127675084	0.001	0	0
2.530010e-08	0.6027912187735452	0.6143522517201805	0.509130687914064	0.001	0	0
2.540010e-08	0.6052771257159282	0.5925571851724215	0.5315219500506081	0.001	0	0
2.550010e-08	0.6077569121173305	0.5698981543924011	0.553034926016199	0.001	0	0
2.560010e-08	0.6102304914130763	0.5464093043185325	0.5736336980198191	0.001	0	0
2.570010e-08	0.6126977776922395	0.5221263805446287	0.5932836387010489	0.001	0	0
2.580010e-08	0.615158685713107	0.4970866824062545	0.6119514862847107	0.001	0	0
2.590010e-08	0.6176131309184427	0.47132901241475483	0.6296054181574764	0.001	0	0
2.600010e-08	0.6200610294505771	0.44489362208246347	0.6462151226851914	0.001	0	0
2.610010e-08	0.622502298166292	0.4178221541917867	0.661751869090084	0.001	0	0
2.620010e-08	0.6249368546514938	0.3901575815699365	0.6761885752079786	0.001	0	0
2.630010e-08	0.6273646172356891	0.361944142440369	0.6894998729469233	0.001	0	0
2.640010e-08	0.6297855050062319	0.3332272724311747	0.7016621712705663	0.001	0	0
2.650010e-08	0.6321994378223575	0.3040535333299276	0.7126537165318664	0.001	0	0
2.660010e-08	0.6346063363289826	0.27447053868369764	0.7224546499855801	0.001	0	0
2.670010e-08	0.6370061219702801	0.2445268763520705	0.7310470623112333	0.001	0	0
2.680010e-08	0.639398717003003	0.2142720281301209	0.7384150449821012	0.001	0	0
2.690010e-08	0.6417840445095752	0.18375628656722737	0.7445447383199715	0.001	0	0
2.700010e-08	0.6441620284109233	0.15303066911646837	0.7494243760802627	0.001	0	0
2.710010e-08	0.6465325934790696	0.12214682975800349	0.7530443264173082	0.001	0	0
2.720010e-08	0.6488956653494393	0.09115696824834169	0.7553971290854098	0.001	0	0
2.730010e-08	0.6512511705329315	0.060113737155675966	0.756477528737414	0.001	0	0
2.740010e-08	0.6535990364277044	0.029070146849485008	0.7562825041893577	0.001	0	0
2.750010e-08	0.655939191330701	-0.001920531379617795	0.75481129352683	0.001	0	0
2.760010e-08	0.6582715644488796	-0.03280486388634646	0.7520654149363757	0.001	0	0
2.770010e-08	0.660596085910172	-0.06352935473292283	0.7480486831532953	0.001	0	0
2.780010e-08	0.6629126867741689	-0.09404054704958628	0.7427672214257083	0.001	0	0
2.790010e-08	0.6652212990424964	-0.12428512548961665	0.7362294689037132	0.001	0	0
2.800010e-08	0.6675218556689083	-0.1542100195690358	0.7284461833717402	0.001	0	0
2.810010e-08	0.6698142905690865	-0.1837625076755489	0.7194304392519304	0.001	0	0
2.820010e-08	0.6720985386301336	-0.21289032152613926	0.709197620816466	0.001	0	0
2.830010e-08	0.6743745357197727	-0.24154175084806398	0.6977654105571534	0.001	0	0
2.840010e-08	0.6766422186952338	-0.2696657480537959	0.6851537726713457	0.001	0	0
2.850010e-08	0.6789015254118395	-0.2972120326768029	0.6713849316343052	0.001	0	0
2.860010e-08	0.6811523947312714	-0.3241311953319416	0.6564833458394363	0.001	0	0
2.870010e-08	0.6833947665295388	-0.35037480096163626	0.6404756762993665	0.001	0	0
2.880010e-08	0.6856285817046145	-0.37589549112704046	0.6233907504126766	0.001	0	0
2.890010e-08	0.6878537821837669	-0.40064708510196023	0.605259520813006	0.001	0	0
2.900010e-08	0.6900703109305713	-0.4245846795265075	0.5861150193294465	0.001	0	0
2.910010e-08	0.6922781119515948	-0.4476647463772708	0.5659923060993931	0.001	0	0
2.920010e-08	0.6944771303027713	-0.46984522901123993	0.5449284138873687	0.001	0	0
2.930010e-08	0.6966673120954422	-0.49108563604178546	0.5229622876758389	0.001	0	0
2.940010e-08	0.6988486045020781	-0.5113471328067556	0.5001347196064357	0.001	0	0
2.950010e-08	0.701020955761682	-0.530592630191106	0.4764882793625276	0.001	0	0
2.960010e-08	0.7031843151848532	-0.5487868705695719	0.4520672400964983	0.001	0	0
2.970010e-08	0.705338633158545	-0.5658965106385506	0.426917500017449	0.001	0	0
2.980010e-08	0.7074838611504758	-0.5818902009108057	0.40108649976731503	0.001	0	0
2.990010e-08	0.7096199517132303	-0.5967386616515882	0.37462313572547046	0.001	0	0
3.000010e-08	0.7117468584880282	-0.610414755040496	0.3475776693938698	0.001	0	0
3.010010e-08	0.7138645362081646	-0.622893553349778	0.32000163302644163	0.001	0	0
3.020010e-08	0.7159729407021317	-0.6341524029367402	0.29194773167795024	0.001	0	0
3.030010e-08	0.7180720288964114	-0.6441709838556132	0.26346974185868616	0.001	0	0
3.040010e-08	0.7201617588179452	-0.6529313649024899	0.23462240699220377	0.001	0	0
3.050010e-08	0.7222420895962829	-0.6604180539158332	0.20546132988379756	0.001	0	0
3.060010e-08	0.7243129814654079	-0.666618043164561	0.17604286241749037	0.001	0	0
3.070010e-08	0.7263743957652412	-0.6715208496657746	0.14642399270897005	0.001	0	0
3.080010e-08	0.728426294942829	-0.6751185502848426	0.11666222995106633	0.001	0	0
3.090010e-08	0.7304686425532111	-0.6774058114817172	0.08681548719707474	0.001	0	0
3.100010e-08	0.7325014032599756	-0.6783799135790841	0.056941962335355575	0.001	0	0
3.110010e-08	0.7345245428355005	-0.6780407694400967	0.027100017516236363	0.001	0	0
3.120010e-08	0.7365380281608797	-0.6763909374561393	-0.002651942700766475	0.001	0	0
3.130010e-08	0.7385418272255421	-0.6734356287581156	-0.032255594205022345	0.001	0	0
3.140010e-08	0.7405359091265704	-0.6691827085782723	-0.06165281691805412	0.001	0	0
3.150010e-08	0.7425202440677054	-0.6636426917034418	-0.0907858188168496	0.001	0	0
3.160010e-08	0.7444948033580571	-0.6568287319747618	-0.11959726010772481	0.001	0	0
3.170010e-08	0.7464595594105056	-0.6487566058034706	-0.14803037725762294	0.001	0	0
3.180010e-08	0.7484144857398298	-0.6394446896870927	-0.17602910658684784	0.001	0	0
3.190010e-08	0.7503595569605149	-0.6289139317254077	-0.20353820712512186	0.001	0	0
3.200010e-08	0.7522947487842917	-0.6171878171506808	-0.23050338243148846	0.001	0	0
3.210010e-08	0.754220038017381	-0.6042923279020308	-0.25687140107805917	0.001	0	0
3.220010e-08	0.7561354025574579	-0.5902558962892053	-0.28259021549780905	0.001	0	0
3.230010e-08	0.7580408213903379	-0.5751093528065312	-0.3076090788977383	0.001	0	0
3.240010e-08	0.7599362745863872	-0.5588858681733134	-0.33187865994053484	0.001	0	0
3.250010e-08	0.7618217432966641	-0.5416208896924192	-0.35535115490064745	0.001	0	0
3.260010e-08	0.7636972097487883	-0.523352072034224	-0.3779803970041305	0.001	0	0
3.270010e-08	0.7655626572425536	-0.5041192025683221	-0.39972196266605053	0.001	0	0
3.280010e-08	0.7674180701452775	-0.4839641213805878	-0.42053327434438964	0.001	0	0
3.290010e-08	0.7692634338868963	-0.4629306361280431	-0.44037369973537943	0.001	0	0
3.300010e-08	0.7710987349548163	-0.441064431898667	-0.4592046470420225	0.001	0	0
3.310010e-08	0.7729239608885058	-0.41841297625763396	-0.47698965605519356	0.001	0	0
3.320010e-08	0.7747391002738632	-0.39502541967548416	-0.49369448479505323	0.001	0	0
3.330010e-08	0.7765441427373335	-0.37095249154734483	-0.509287191469761	0.001	0	0
3.340010e-08	0.778339078939802	-0.34624639202554297	-0.5237382115183452	0.001	0	0
3.350010e-08	0.7801239005702544	-0.3209606799006228	-0.5370204295152855	0.001	0	0
3.360010e-08	0.7818986003392213	-0.2951501567780266	-0.5491092457257235	0.001	0	0
3.370010e-08	0.7836631719719993	-0.26887074780930914	-0.5599826371123013	0.001	0	0
3.380010e-08	0.7854176102016626	-0.2421793792478134	-0.5696212126073372	0.001	0	0
3.390010e-08	0.7871619107618653	-0.21513385310914626	-0.5780082624773988	0.001	0	0
3.400010e-08	0.788896070379445	-0.18779271922653396	-0.5851298016212935	0.001	0	0
3.410010e-08	0.7906200867668215	-0.16021514500014036	-0.5909746066570102	0.001	0	0
3.420010e-08	0.7923339586142114	-0.1324607831477669	-0.5955342466681602	0.001	0	0
3.430010e-08	0.7940376855816497	-0.10458963777183118	-0.5988031074960236	0.001	0	0
3.440010e-08	0.7957312682908285	-0.07666192906426054	-0.6007784094792485	0.001	0	0
3.450010e-08	0.7974147083167693	-0.04873795697682638	-0.6014602185596376	0.001	0	0
3.460010e-08	0.7990880081793085	-0.020877964189475795	-0.6008514506892105	0.001	0	0
3.470010e-08	0.8007511713344293	0.00685800128660762	-0.5989578694907451	0.001	0	0
3.480010e-08	0.802404202165427	0.034410223531222	-0.5957880771413572	0.001	0	0
3.490010e-08	0.8040471059739129	0.06171945582028653	-0.5913534984662078	0.001	0	0
3.500010e-08	0.8056798889706807	0.08872705707011526	-0.5856683582471125	0.001	0	0
3.510010e-08	0.8073025582664227	0.11537512727654467	-0.578749651768716	0.001	0	0
3.520010e-08	0.808915121862299	0.14160664160508607	-0.5706171086427667	0.001	0	0
3.530010e-08	0.810517588640378	0.16736558278968258	-0.5612931499689418	0.001	0	0
3.540010e-08	0.81210996835395	0.192597071500018	-0.550802838908591	0.001	0	0
3.550010e-08	0.8136922716177152	0.2172474943406382	-0.5391738247655544	0.001	0	0
3.560010e-08	0.8152645098978508	0.24126462914943836	-0.5264362806858977	0.001	0	0
3.570010e-08	0.8168266955019692	0.26459776726828343	-0.5126228351058626	0.001	0	0
3.580010e-08	0.818378841568958	0.2871978324647143	-0.49776849709460363	0.001	0	0
3.590010e-08	0.8199209620587314	0.30901749619077956	-0.48191057575515606	0.001	0	0
3.600010e-08	0.8214530717418763	0.33001128887305897	-0.4650885938637694	0.001	0	0
3.610010e-08	0.8229751861892025	0.3501357069368762	-0.4473441959438633	0.001	0	0
3.620010e-08	0.8244873217612143	0.36934931527746356	-0.4287210509866397	0.001	0	0
3.630010e-08	0.8259894955974924	0.38761284490153997	-0.409264750045658	0.001	0	0
3.640010e-08	0.8274817256060031	0.40488928547420916	-0.38902269894736957	0.001	0	0
3.650010e-08	0.828964030452333	0.4211439725184138	-0.3680440063737393	0.001	0	0
3.660010e-08	0.8304364295488561	0.43634466902721636	-0.34637936758657656	0.001	0	0
3.670010e-08	0.8318989430438454	0.45046164126298954	-0.32408094407599314	0.001	0	0
3.680010e-08	0.8333515918105137	0.4634677285321304	-0.30120223942751645	0.001	0	0
3.690010e-08	0.8347943974360156	0.4753384067390265	-0.27779797171369536	0.001	0	0
3.700010e-08	0.8362273822103985	0.4860518455388566	-0.253923942726589	0.001	0	0
3.710010e-08	0.8376505691155005	0.49558895892516097	-0.2296369043772208	0.001	0	0
3.720010e-08	0.8390639818138282	0.5039334491050138	-0.20499442259692835	0.001	0	0
3.730010e-08	0.8404676446373813	0.5110718435320774	-0.18005473908347067	0.001	0	0
3.740010e-08	0.8418615825764654	0.5169935249856089	-0.15487663124178577	0.001	0	0
3.750010e-08	0.8432458212684691	0.5216907546017917	-0.12951927067536328	0.001	0	0
3.760010e-08	0.8446203869866269	0.5251586877822865	-0.10404208058928845	0.001	0	0
3.770010e-08	0.8459853066287618	0.5273953829237956	-0.07850459247014048	0.001	0	0
3.780010e-08	0.8473406077060214	0.5284018029315325	-0.05296630241102655	0.001	0	0
3.790010e-08	0.8486863183316027	0.5281818094987502	-0.0274865274521185	0.001	0	0
3.800010e-08	0.8500224672094753	0.5267421501539087	-0.0021242623081129913	0.001	0	0
3.810010e-08	0.8513490836231095	0.524092438096513	0.023061963145940598	0.001	0	0
3.820010e-08	0.8526661974242051	0.5202451248621417	0.048014225260034044	0.001	0	0
3.830010e-08	0.8539738390214276	0.5152154658766345	0.07267534649746928	0.001	0	0
3.840010e-08	0.8552720393691655	0.5090214789786914	0.09698903346076942	0.001	0	0
3.850010e-08	0.856560829956294	0.50168389600937	0.12090001269414553	0.001	0	0
3.860010e-08	0.8578402427949704	0.4932261075858536	0.1443541639066019	0.001	0	0
3.870010e-08	0.8591103104094441	0.4836741011956025	0.167298650265968	0.001	0	0
3.880010e-08	0.8603710658248989	0.4730563927652932	0.18968204542132153	0.001	0	0
3.890010e-08	0.8616225425563274	0.46140395187695254	0.2114544569194528	0.001	0	0
3.900010e-08	0.8628647745974379	0.44875012082120713	0.23256764569016222	0.001	0	0
3.910010e-08	0.8640977964095997	0.4351305276946006	0.2529751412852505	0.001	0	0
3.920010e-08	0.8653216429108325	0.4205829937644253	0.2726323525670624	0.001	0	0
3.930010e-08	0.8665363494648355	0.40514743534042863	0.2914966735543131	0.001	0	0
3.940010e-08	0.8677419518700686	0.38886576040798904	0.3095275841456464	0.001	0	0
3.950010e-08	0.8689384863488815	0.37178176029196336	0.32668674545491416	0.001	0	0
3.960010e-08	0.8701259895366964	0.3539409966342267	0.34293808950648136	0.001	0	0
3.970010e-08	0.8713044984712499	0.33539068398099675	0.3582479030539089	0.001	0	0
3.980010e-08	0.8724740505818906	0.31617956828831917	0.37258490530111465	0.001	0	0
3.990010e-08	0.8736346836789395	0.2963578016654613	0.3859203193215081	0.001	0	0
4.000010e-08	0.8747864359431188	0.27597681368649896	0.39822793698757897	0.001	0	0
4.010010e-08	0.8759293459150393	0.2550891796100062	0.40948417724100816	0.001	0	0
4.020010e-08	0.8770634524847679	0.2337484858553534	0.41966813755136184	0.001	0	0
4.030010e-08	0.8781887948814571	0.2120091930918716	0.42876163843001147	0.001	0	0
4.040010e-08	0.8793054126630543	0.189926497303763	0.43674926088475513	0.001	0	0
4.050010e-08	0.8804133457060866	0.16755618919932627	0.4436183767199174	0.001	0	0
4.060010e-08	0.8815126341955243	0.14495451233769352	0.449359171606199	0.001	0	0
4.070010e-08	0.8826033186147235	0.12217802034981994	0.45396466086434095	0.001	0	0
4.080010e-08	0.8836854397354507	0.09928343363300735	0.4574306979265861	0.001	0	0
4.090010e-08	0.8847590386079957	0.07632749589964538	0.45975597545996666	0.001	0	0
4.100010e-08	0.8858241565513664	0.05336683096123559	0.4609420191555715	0.001	0	0
4.110010e-08	0.8868808351435731	0.030457800128023186	0.4609931742080353	0.001	0	0
4.120010e-08	0.8879291162120039	0.007656360602768796	0.45991658452951045	0.001	0	0
4.130010e-08	0.8889690418238889	-0.01498207475568152	0.45772216476235017	0.001	0	0
4.140010e-08	0.8900006542768611	-0.03740277592731621	0.4544225651744088	0.001	0	0
4.150010e-08	0.8910239960896058	-0.059551832117642936	0.4500331295404174	0.001	0	0
4.160010e-08	0.8920391099926084	-0.0813762856754525	0.4445718461320534	0.001	0	0
4.170010e-08	0.893046038919004	-0.10282426318802738	0.43805929195819593	0.001	0	0
4.180010e-08	0.8940448259955146	-0.12384510340822538	0.43051857041532615	0.001	0	0
4.190010e-08	0.8950355145334947	-0.1443894816768952	0.42197524252595686	0.001	0	0
4.200010e-08	0.8960181480200751	-0.164409530514075	0.41245725196051053	0.001	0	0
4.210010e-08	0.8969927701094043	-0.1838589560633332	0.40199484405494407	0.001	0	0
4.220010e-08	0.8979594246139982	-0.20269315008540442	0.39062047905269004	0.001	0	0
4.230010e-08	0.8989181554961877	-0.22086929720992965	0.3783687398151754	0.001	0	0
4.240010e-08	0.8998690068596742	-0.23834647716757987	0.36527623426003	0.001	0	0
4.250010e-08	0.9008120229411876	-0.25508576173908887	0.3513814928003384	0.001	0	0
4.260010e-08	0.901747248102252	-0.2710503061726949	0.33672486107162275	0.001	0	0
4.270010e-08	0.9026747268210572	-0.2862054348371786	0.3213483882458272	0.001	0	0
4.280010e-08	0.9035945036844352	-0.30051872089397824	0.3052957112432579	0.001	0	0
4.290010e-08	0.9045066233799434	-0.31396005978879493	0.28861193516420885	0.001	0	0
4.300010e-08	0.9054111306880628	-0.3265017363805341	0.27134351027186937	0.001	0	0
4.310010e-08	0.9063080704744947	-0.33811848554339263	0.2535381058670297	0.001	0	0
4.320010e-08	0.907197487682572	-0.34878754609629087	0.2352444814029807	0.001	0	0
4.330010e-08	0.9080794273257804	-0.35848870793259463	0.21651235519596035	0.001	0	0
4.340010e-08	0.9089539344803809	-0.36720435224222914	0.19739227109236154	0.001	0	0
4.350010e-08	0.9098210542781522	-0.37491948473758807	0.17793546345878725	0.001	0	0
4.360010e-08	0.9106808318992353	-0.3816217618143125	0.15819372086482067	0.001	0	0
4.370010e-08	0.9115333125650914	-0.3873015095977099	0.1382192488311481	0.001	0	0
4.380010e-08	0.9123785415315654	-0.3919517358454546	0.1180645320173199	0.001	0	0
4.390010e-08	0.9132165640820644	-0.3955681346971094	0.09778219622404997	0.001	0	0
4.400010e-08	0.9140474255208415	-0.3981490842808717	0.07742487058449055	0.001	0	0
4.410010e-08	0.9148711711663909	-0.3996956372077672	0.05704505031738866	0.001	0	0
4.420010e-08	0.9156878463449545	-0.4002115040031568	0.036694960412433045	0.001	0	0
4.430010e-08	0.9164974963841321	-0.39970302954495335	0.016426420614474108	0.001	0	0
4.440010e-08	0.917300166606607	-0.39817916259710684	-0.0037092879313893935	0.001	0	0
4.450010e-08	0.9180959023239754	-0.39565141854592206	-0.023661554017546847	0.001	0	0
4.460010e-08	0.9188847488306873	-0.3921338354653012	-0.043380565344829355	0.001	0	0
4.470010e-08	0.9196667513980941	-0.3876429236551864	-0.06281743478474494	0.001	0	0
4.480010e-08	0.9204419552686038	-0.3821976088151814	-0.08192432359968992	0.001	0	0
4.490010e-08	0.9212104056499474	-0.37581916903251605	-0.10065456129738391	0.001	0	0
4.500010e-08	0.9219721477095429	-0.36853116578016387	-0.11896276180623207	0.001	0	0
4.510010e-08	0.9227272265689778	-0.36035936913691435	-0.13680493566961557	0.001	0	0
4.520010e-08	0.9234756872985888	-0.3513316774565961	-0.15413859796927315	0.001	0	0
4.530010e-08	0.9242175749121502	-0.34147803172831137	-0.1709228717008424	0.001	0	0
4.540010e-08	0.9249529343616654	-0.33083032488345865	-0.18711858633831602	0.001	0	0
4.550010e-08	0.9256818105322663	-0.3194223063184992	-0.20268837133855577	0.001	0	0
4.560010e-08	0.9264042482372121	-0.30728948191475386	-0.21759674435204263	0.001	0	0
4.570010e-08	0.9271202922129936	-0.29446900984802665	-0.23181019392170035	0.001	0	0
4.580010e-08	0.9278299871145385	-0.2809995924914635	-0.24529725646787562	0.001	0	0
4.590010e-08	0.9285333775105206	-0.2669213647247813	-0.2580285873742778	0.001	0	0
4.600010e-08	0.9292305078787673	-0.25227577897179065	-0.2699770260069262	0.001	0	0
4.610010e-08	0.9299214226017657	-0.23710548729598532	-0.28111765451575876	0.001	0	0
4.620010e-08	0.9306061659622755	-0.22145422089079497	-0.2914278502865591	0.001	0	0
4.630010e-08	0.931284782139031	-0.2053666673070465	-0.3008873319291699	0.001	0	0
4.640010e-08	0.9319573152025495	-0.1888883457649894	-0.30947819870650284	0.001	0	0
4.650010e-08	0.9326238091110286	-0.17206548090214943	-0.31718496332762647	0.001	0	0
4.660010e-08	0.9332843077063459	-0.1549448753110976	-0.32399457804709525	0.001	0	0
4.670010e-08	0.9339388547101521	-0.13757378122306188	-0.32989645403168333	0.001	0	0
4.680010e-08	0.9345874937200562	-0.11999977169409606	-0.3348824739747194	0.001	0	0
4.690010e-08	0.9352302682059079	-0.10227061165029645	-0.3389469979571735	0.001	0	0
4.700010e-08	0.9358672215061682	-0.0844341291473278	-0.34208686257361165	0.001	0	0
4.710010e-08	0.9364983968243776	-0.06653808719725063	-0.34430137335988265	0.001	0	0
4.720010e-08	0.9371238372257088	-0.04863005651240342	-0.34559229057802193	0.001	0	0
4.730010e-08	0.9377435856336123	-0.03075728951185423	-0.3459638084321835	0.001	0	0
4.740010e-08	0.9383576848265515	-0.012966595930728802	-0.34542252780750093	0.001	0	0
4.750010e-08	0.9389661774348241	0.004695779633425797	-0.34397742264147046	0.001	0	0
4.760010e-08	0.9395691059374709	0.022184277910170205	-0.34163980005477423	0.001	0	0
4.770010e-08	0.9401665126592692	0.039454142562497296	-0.33842325438534293	0.001	0	0
4.780010e-08	0.9407584397678151	0.05646153489971738	-0.33434361528582257	0.001	0	0
4.790010e-08	0.9413449292706848	0.07316364539636708	-0.32941889006048825	0.001	0	0
4.800010e-08	0.9419260230126809	0.08951880172711965	-0.3236692004328726	0.001	0	0
4.810010e-08	0.9425017626731617	0.10548657303896528	-0.31711671395005087	0.001	0	0
4.820010e-08	0.9430721897634494	0.12102787019395907	-0.3097855702434942	0.001	0	0
4.830010e-08	0.9436373456243194	0.13610504172857224	-0.3017018023796878	0.001	0	0
4.840010e-08	0.9441972714235689	0.15068196528907515	-0.29289325354625295	0.001	0	0
4.850010e-08	0.9447520081536591	0.1647241343163942	-0.2833894893311033	0.001	0	0
4.860010e-08	0.9453015966294407	0.17819873976847728	-0.27322170586312633	0.001	0	0
4.870010e-08	0.9458460774859512	0.19107474668332225	-0.26242263409306804	0.001	0	0
4.880010e-08	0.9463854911762866	0.20332296540141997	-0.251026440502574	0.001	0	0
4.890010e-08	0.9469198779695466	0.21491611728240492	-0.23906862453779823	0.001	0	0
4.900010e-08	0.947449277948856	0.22582889476713816	-0.22658591307149814	0.001	0	0
4.910010e-08	0.9479737310094524	0.23603801565318167	-0.21361615220419738	0.001	0	0
4.920010e-08	0.9484932768568481	0.2455222714686997	-0.20019819672067182	0.001	0	0
4.930010e-08	0.9490079550050602	0.2542625698470739	-0.18637179752278907	0.001	0	0
4.940010e-08	0.9495178047749092	0.2622419708220026	-0.17217748736356173	0.001	0	0
4.950010e-08	0.9500228652923841	0.2694457169804315	-0.15765646521012047	0.001	0	0
4.960010e-08	0.9505231754870757	0.27586125742833545	-0.14285047956525648	0.001	0	0
4.970010e-08	0.9510187740906735	0.28147826554208044	-0.12780171107811708	0.001	0	0
4.980010e-08	0.9515096996355282	0.28628865049575886	-0.11255265477466285	0.001	0	0
4.990010e-08	0.9519959904532757	0.2902865625724828	-0.0971460022375521	0.001	0	0
5.000010e-08	0.952477684673526	0.29346839228511234	-0.08162452406324165	0.001	0	0
5.010010e-08	0.9529548202226095	0.295832763349161	-0.06603095292129264	0.001	0	0
5.020010e-08	0.9534274348223869	0.2973805195677078	-0.05040786753715407	0.001	0	0
5.030010e-08	0.9538955659891182	0.2981147057049414	-0.03479757791507804	0.001	0	0
5.040010e-08	0.9543592510323865	0.2980405424414124	-0.019242012112338717	0.001	0	0
5.050010e-08	0.9548185270540812	0.29716539552019794	-0.0037826048695713743	0.001	0	0
5.060010e-08	0.9552734309474396	0.29549873920885966	0.011539811605134091	0.001	0	0
5.070010e-08	0.9557239993961383	0.29305211421732286	0.026685114408734258	0.001	0	0
5.080010e-08	0.9561702688734447	0.2898390802265356	0.041613993991452665	0.001	0	0
5.090010e-08	0.956612275641416	0.2858751631969806	0.056288055209355745	0.001	0	0
5.100010e-08	0.9570500557501566	0.2811777976397354	0.07066991512015784	0.001	0	0
5.110010e-08	0.9574836450371196	0.27576626404581195	0.08472329727204314	0.001	0	0
5.120010e-08	0.9579130791264657	0.2696616216818387	0.09841312224685325	0.001	0	0
5.130010e-08	0.9583383934284672	0.26288663697192244	0.11170559423116189	0.001	0	0
5.140010e-08	0.9587596231389609	0.25546570769643906	0.12456828340149605	0.001	0	0
5.150010e-08	0.9591768032388487	0.24742478324883263	0.13697020392322967	0.001	0	0
5.160010e-08	0.9595899684936471	0.2387912812009526	0.14888188737643385	0.001	0	0
5.170010e-08	0.9599991534530783	0.22959400043622308	0.16027545143615993	0.001	0	0
5.180010e-08	0.960404392450709	0.21986303111783412	0.17112466364923345	0.001	0	0
5.190010e-08	0.960805719603632	0.20962966176625492	0.18140500016458366	0.001	0	0
5.200010e-08	0.9612031688121911	0.19892628372665083	0.19109369928939654	0.001	0	0
5.210010e-08	0.9615967737597481	0.1877862933121909	0.2001698097588941	0.001	0	0
5.220010e-08	0.961986567912489	0.17624399191382026	0.20861423362328751	0.001	0	0
5.230010e-08	0.962372584519274	0.16433448437076148	0.21640976367134865	0.001	0	0
5.240010e-08	0.9627548566115248	0.15209357589885117	0.22354111532606835	0.001	0	0
5.250010e-08	0.9631334170031502	0.13955766787579582	0.2299949529639832	0.001	0	0
5.260010e-08	0.9635082982905111	0.12676365278349638	0.23575991062584936	0.001	0	0
5.270010e-08	0.9638795328524208	0.1137488086078587	0.24082660710247983	0.001	0	0
5.280010e-08	0.9642471528501815	0.10055069299584062	0.24518765539556736	0.001	0	0
5.290010e-08	0.9646111902276577	0.08720703746801806	0.24883766656925801	0.001	0	0
5.300010e-08	0.9649716767113836	0.07375564198261483	0.2517732480239978	0.001	0	0
5.310010e-08	0.9653286438107018	0.06023427014377948	0.25399299623973376	0.001	0	0
5.320010e-08	0.9656821228179379	0.046680545342918	0.2554974840508786	0.001	0	0
5.330010e-08	0.9660321448086062	0.033131848117109286	0.2562892425304443	0.001	0	0
5.340010e-08	0.966378740641647	0.01962521500308367	0.25637273757548246	0.001	0	0
5.350010e-08	0.9667219409596931	0.006197239158926432	0.25575434130026214	0.001	0	0
5.360010e-08	0.9670617761893675	-0.007116026981372082	0.2544422983575373	0.001	0	0
5.370010e-08	0.9673982765416123	-0.020279166763153424	0.252446687321721	0.001	0	0
5.380010e-08	0.9677314720120404	-0.03325749182717769	0.24977937728078115	0.001	0	0
5.390010e-08	0.9680613923813214	-0.04601713184670659	0.24645397979610745	0.001	0	0
5.400010e-08	0.968388067215589	-0.05852512125543054	0.24248579640154838	0.001	0	0
5.410010e-08	0.9687115258668786	-0.07074948274637281	0.2378917618241215	0.001	0	0
5.420010e-08	0.9690317974735884	-0.08265930733274966	0.2326903831196649	0.001	0	0
5.430010e-08	0.9693489109609665	-0.09422483077311099	0.22690167492675542	0.001	0	0
5.440010e-08	0.9696628950416214	-0.10541750617493709	0.22054709105168144	0.001	0	0
5.450010e-08	0.9699737782160572	-0.11621007260313124	0.21364945260599771	0.001	0	0
5.460010e-08	0.9702815887732303	-0.1265766195325398	0.20623287292624112	0.001	0	0
5.470010e-08	0.9705863547911299	-0.13649264699667	0.1983226795127312	0.001	0	0
5.480010e-08	0.97088810413738	-0.1459351212981478	0.189945333230956	0.001	0	0
5.490010e-08	0.9711868644698611	-0.15488252616010367	0.1811283450249146	0.001	0	0
5.500010e-08	0.9714826632373543	-0.1633149092115623	0.17190019039685925	0.001	0	0
5.510010e-08	0.9717755276802036	-0.1712139237140088	0.16229022191221412	0.001	0	0
5.520010e-08	0.9720654848309984	-0.1785628654505313	0.15232857999197624	0.001	0	0
5.530010e-08	0.9723525615152749	-0.18534670471330505	0.1420461022576907	0.001	0	0
5.540010e-08	0.9726367843522363	-0.1915521133396121	0.13147423169606362	0.001	0	0
5.550010e-08	0.9729181797554862	-0.19716748676103799	0.12064492391148218	0.001	0	0
5.560010e-08	0.9731967739337869	-0.2021829610449287	0.10959055373514005	0.001	0	0
5.570010e-08	0.9734725928918263	-0.20659042492158322	0.09834382145912594	0.001	0	0
5.580010e-08	0.9737456624310057	-0.21038352680494463	0.08693765896270335	0.001	0	0
5.590010e-08	0.9740160081502409	-0.2135576768286966	0.07540513599616305	0.001	0	0
5.600010e-08	0.9742836554467795	-0.21611004393366492	0.06377936688499392	0.001	0	0
5.610010e-08	0.974548629517031	-0.2180395480561637	0.05209341791379156	0.001	0	0
5.620010e-08	0.9748109553574117	-0.21934684748045388	0.04038021564524741	0.001	0	0
5.630010e-08	0.975070657765205	-0.22003432143167553	0.028672456424809954	0.001	0	0
5.640010e-08	0.9753277613394298	-0.22010604799852732	0.017002517316170217	0.001	0	0
5.650010e-08	0.9755822904817252	-0.21956777748747258	0.005402368706622677	0.001	0	0
5.660010e-08	0.975834269397248	-0.21842690132240114	-0.00609651118537315	0.001	0	0
5.670010e-08	0.9760837220955768	-0.2166924166153759	-0.017463219675449684	0.001	0	0
5.680010e-08	0.9763306723916336	-0.2143748865453467	-0.028667510634349382	0.001	0	0
5.690010e-08	0.9765751439066099	-0.21148639669248218	-0.03967987295612864	0.001	0	0
5.700010e-08	0.9768171600689078	-0.20804050748601363	-0.05047160627397865	0.001	0	0
5.710010e-08	0.9770567441150892	-0.20405220293321616	-0.06101489373360161	0.001	0	0
5.720010e-08	0.9772939190908326	-0.1995378358062931	-0.07128287164404717	0.001	0	0
5.730010e-08	0.9775287078519027	-0.19451506947250932	-0.0812496958363181	0.001	0	0
5.740010e-08	0.9777611330651241	-0.18900281656088827	-0.09089060457085696	0.001	0	0
5.750010e-08	0.9779912172093675	-0.18302117466612128	-0.10018197784618157	0.001	0	0
5.760010e-08	0.9782189825765405	-0.17659135929707803	-0.10910139297244643	0.001	0	0
5.770010e-08	0.978444451272588	-0.16973563428333036	-0.11762767628547229	0.001	0	0
5.780010e-08	0.978667645218498	-0.1624772398585315	-0.12574095088885476	0.001	0	0
5.790010e-08	0.9788885861513155	-0.15484031864420233	-0.13342268032400065	0.001	0	0
5.800010e-08	0.9791072956251619	-0.14684983976151345	-0.14065570808040398	0.001	0	0
5.810010e-08	0.9793237950122607	-0.13853152130203092	-0.14742429287104963	0.001	0	0
5.820010e-08	0.9795381055039685	-0.12991175139104136	-0.1537141396105399	0.001	0	0
5.830010e-08	0.9797502481118125	-0.12101750807905727	-0.1595124260463025	0.001	0	0
5.840010e-08	0.9799602436685321	-0.11187627829837915	-0.16480782500602026	0.001	0	0
5.850010e-08	0.9801681128291241	-0.1025159761222016	-0.16959052223725704	0.001	0	0
5.860010e-08	0.9803738760718956	-0.0929648605636352	-0.17385222982795331	0.001	0	0
5.870010e-08	0.9805775536995172	-0.08325145315126557	-0.17758619520918148	0.001	0	0
5.880010e-08	0.9807791658400826	-0.0734044555164202	-0.18078720575408483	0.001	0	0
5.890010e-08	0.9809787324481711	-0.0634526672252132	-0.18345158899934866	0.001	0	0
5.900010e-08	0.9811762733059127	-0.05342490408568482	-0.18557720852776158	0.001	0	0
5.910010e-08	0.9813718080240564	-0.04334991715696948	-0.18716345556245387	0.001	0	0
5.920010e-08	0.9815653560430415	-0.033256312683411754	-0.18821123633513595	0.001	0	0
5.930010e-08	0.9817569366340717	-0.02317247317194809	-0.1887229553021538	0.001	0	0
5.940010e-08	0.98194656890019	-0.013126479825867534	-0.1887024942933335	0.001	0	0
5.950010e-08	0.9821342717773569	-0.0031460365423108035	-0.18815518768940562	0.001	0	0
5.960010e-08	0.9823200640355293	0.0067416043254372735	-0.18708779373426063	0.001	0	0
5.970010e-08	0.9825039642797413	0.0165097142466306	-0.18550846209833075	0.001	0	0
5.980010e-08	0.9826859909511864	0.026132158645805488	-0.18342669781903412	0.001	0	0
5.990010e-08	0.9828661623283006	0.035583464710460526	-0.1808533217533993	0.001	0	0
6.000010e-08	0.9830444965278441	0.04483888670277843	-0.17780042768669818	0.001	0	0
6.010010e-08	0.983221011505989	0.05387446861314633	-0.17428133624915607	0.001	0	0
6.020010e-08	0.9833957250593989	0.06266710400226161	-0.17031054580051325	0.001	0	0
6.030010e-08	0.9835686548263185	0.07119459288800772	-0.16590368044940237	0.001	0	0
6.040010e-08	0.9837398182876536	0.07943569554300255	-0.16107743538116687	0.001	0	0
6.050010e-08	0.9839092327680578	0.08737018307873742	-0.1558495196738181	0.001	0	0
6.060010e-08	0.9840769154370159	0.09497888470250754	-0.15023859678736443	0.001	0	0
6.070010e-08	0.9842428833099253	0.1022437315438529	-0.14426422291668015	0.001	0	0
6.080010e-08	0.9844071532491792	0.10914779695793415	-0.137946783402429	0.001	0	0
6.090010e-08	0.9845697419652476	0.11567533322416228	-0.13130742739831788	0.001	0	0
6.100010e-08	0.9847306660177572	0.12181180456941133	-0.1243680009961096	0.001	0	0
6.110010e-08	0.9848899418165677	0.12754391645626473	-0.11715097901236328	0.001	0	0
6.120010e-08	0.9850475856228524	0.13285964108793794	-0.10967939564281638	0.001	0	0
6.130010e-08	0.9852036135501703	0.13774823909274142	-0.1019767741916557	0.001	0	0
6.140010e-08	0.9853580415655396	0.14220027736218135	-0.09406705608364047	0.001	0	0
6.150010e-08	0.9855108854905112	0.1462076430279886	-0.0859745293671834	0.001	0	0
6.160010e-08	0.9856621610022351	0.14976355357451415	-0.0777237569160005	0.001	0	0
6.170010e-08	0.9858118836345289	0.15286256309397184	-0.06933950453589817	0.001	0	0
6.180010e-08	0.985960068778941	0.15550056470293114	-0.060846669181603495	0.001	0	0
6.190010e-08	0.9861067316858141	0.15767478914923896	-0.05227020748634082	0.001	0	0
6.200010e-08	0.986251887465342	0.15938379964913285	-0.04363506480407166	0.001	0	0
6.210010e-08	0.9863955510886279	0.16062748300468005	-0.03496610496099572	0.001	0	0
6.220010e-08	0.9865377373887366	0.16140703706182086	-0.02628804090905597	0.001	0	0
6.230010e-08	0.986678461061745	0.1617249545791592	-0.017625366469815745	0.001	0	0
6.240010e-08	0.9868177366677893	0.1615850035872159	-0.009002289352207624	0.001	0	0
6.250010e-08	0.986955578632109	0.16099220432712194	-0.0004426656223033528	0.001	0	0
6.260010e-08	0.9870920012460863	0.15995280286665456	0.008030064202559086	0.001	0	0
6.270010e-08	0.9872270186682846	0.15847424150005707	0.016392937269203076	0.001	0	0
6.280010e-08	0.9873606449254801	0.1565651260462626	0.0246235285541758	0.001	0	0
6.290010e-08	0.9874928939136921	0.1542351901679059	0.0327000089270874	0.001	0	0
6.300010e-08	0.9876237793992098	0.15149525684084908	0.04060120096679898	0.001	0	0
6.310010e-08	0.9877533150196122	0.1483571971108393	0.04830663239331006	0.001	0	0
6.320010e-08	0.9878815142847879	0.14483388628037214	0.05579658698629083	0.001	0	0
6.330010e-08	0.988008390577948	0.14093915767480183	0.06305215286959466	0.001	0	0
6.340010e-08	0.9881339571566354	0.13668775414223203	0.07005526804974355	0.001	0	0
6.350010e-08	0.988258227153732	0.1320952774467178	0.07678876310526983	0.001	0	0
6.360010e-08	0.9883812135784585	0.1271781357187985	0.08323640093291264	0.001	0	0
6.370010e-08	0.9885029293173715	0.12195348913137097	0.08938291346594357	0.001	0	0
6.380010e-08	0.9886233871353564	0.11643919397236015	0.09521403528935464	0.001	0	0
6.390010e-08	0.9887425996766152	0.11065374528859363	0.10071653408619699	0.001	0	0
6.400010e-08	0.9888605794656494	0.1046162182776918	0.10587823785903683	0.001	0	0
6.410010e-08	0.9889773389082396	0.09834620860666261	0.11068805888022244	0.001	0	0
6.420010e-08	0.9890928902924196	0.09186377183725686	0.11513601433443951	0.001	0	0
6.430010e-08	0.989207245789444	0.08518936213893483	0.11921324362680553	0.001	0	0
6.440010e-08	0.9893204174547553	0.07834377047062437	0.12291202233953881	0.001	0	0
6.450010e-08	0.989432417228941	0.07134806241220316	0.1262257728299534	0.001	0	0
6.460010e-08	0.9895432569386914	0.06422351582590659	0.12914907147218072	0.001	0	0
6.470010e-08	0.9896529482977465	0.056991558526614694	0.13167765255458322	0.001	0	0
6.480010e-08	0.9897615029078423	0.049673706138215444	0.13380840885424056	0.001	0	0
6.490010e-08	0.9898689322596511	0.0422915003110093	0.13553938891917222	0.001	0	0
6.500010e-08	0.9899752477337143	0.03486644747239404	0.13686979109805775	0.001	0	0
6.510010e-08	0.9900804606013748	0.02741995827988574	0.13779995436610007	0.001	0	0
6.520010e-08	0.9901845820256985	0.0199732879418903	0.1383313460043779	0.001	0	0
6.530010e-08	0.990287623062397	0.012547477567561797	0.13846654619842208	0.001	0	0
6.540010e-08	0.9903895946607377	0.005163296702582459	0.13820922962993765	0.001	0	0
6.550010e-08	0.9904905076644563	-0.0021588127972066665	0.13756414414342968	0.001	0	0
6.560010e-08	0.9905903728126582	-0.009398791407691275	0.13653708657706956	0.001	0	0
6.570010e-08	0.9906892007407165	-0.016537014952913317	0.135134875854339	0.001	0	0
6.580010e-08	0.9907870019811674	-0.023554345861084965	0.13336532343989058	0.001	0	0
6.590010e-08	0.9908837869645951	-0.030432182531566928	0.13123720126956537	0.001	0	0
6.600010e-08	0.990979566020515	-0.037152506690836466	0.1287602072706442	0.001	0	0
6.610010e-08	0.9910743493782511	-0.043697928622402876	0.12594492859416032	0.001	0	0
6.620010e-08	0.9911681471678058	-0.050051730162818976	0.12280280268645057	0.001	0	0
6.630010e-08	0.9912609694207282	-0.05619790536337128	0.1193460763320187	0.001	0	0
6.640010e-08	0.991352826070972	-0.06212119872467524	0.11558776280431521	0.001	0	0
6.650010e-08	0.9914437269557527	-0.06780714091924087	0.11154159726508016	0.001	0	0
6.660010e-08	0.9915336818163955	-0.07324208192507838	0.10722199055652233	0.001	0	0
6.670010e-08	0.9916227002991812	-0.07841322150156083	0.1026439815337831	0.001	0	0
6.680010e-08	0.9917107919561825	-0.08330863694701883	0.09782318808785125	0.001	0	0
6.690010e-08	0.9917979662460995	-0.08791730808590491	0.09277575701135085	0.001	0	0
6.700010e-08	0.991884232535085	-0.09222913944178442	0.08751831286144132	0.001	0	0
6.710010e-08	0.9919696000975692	-0.09623497956087536	0.08206790597540031	0.001	0	0
6.720010e-08	0.9920540781170727	-0.09992663745934072	0.07644195979535474	0.001	0	0
6.730010e-08	0.9921376756870214	-0.10329689617602672	0.07065821765905267	0.001	0	0
6.740010e-08	0.992220401811549	-0.10633952342076154	0.06473468921353982	0.001	0	0
6.750010e-08	0.9923022654062987	-0.10904927931674571	0.058689596608139716	0.001	0	0
6.760010e-08	0.9923832752992162	-0.11142192124386226	0.052541320622214595	0.001	0	0
6.770010e-08	0.9924634402313407	-0.11345420579795121	0.04630834688183486	0.001	0	0
6.780010e-08	0.9925427688575854	-0.11514388788917536	0.040009212317700917	0.001	0	0
6.790010e-08	0.9926212697475183	-0.11648971701055141	0.03366245201446929	0.001	0	0
6.800010e-08	0.9926989513861323	-0.11749143071549116	0.027286546599022438	0.001	0	0
6.810010e-08	0.992775822174613	-0.1181497453507768	0.020899870312219914	0.001	0	0
6.820010e-08	0.992851890431101	-0.11846634409877983	0.014520639905281857	0.001	0	0
6.830010e-08	0.9929271643914448	-0.11844386238988094	0.008166864498198314	0.001	0	0
6.840010e-08	0.9930016522099543	-0.11808587075294422	0.0018562965334410757	0.001	0	0
6.850010e-08	0.993075361960144	-0.11739685517835532	-0.004393616046196282	0.001	0	0
6.860010e-08	0.9931483016354724	-0.1163821950744852	-0.010565776271586879	0.001	0	0
6.870010e-08	0.9932204791500766	-0.11504813890450596	-0.01664348315412977	0.001	0	0
6.880010e-08	0.9932919023394998	-0.11340177759625955	-0.022610475111898894	0.001	0	0
6.890010e-08	0.9933625789614157	-0.11145101582329509	-0.028450971707150607	0.001	0	0
6.900010e-08	0.9934325166963438	-0.10920454126030597	-0.03414971359315786	0.001	0	0
6.910010e-08	0.9935017231483645	-0.10667179192094953	-0.03969200057447603	0.001	0	0
6.920010e-08	0.9935702058458235	-0.10386292169042402	-0.04506372769109092	0.001	0	0
6.930010e-08	0.9936379722420342	-0.100788764169217	-0.050251419243443125	0.001	0	0
6.940010e-08	0.993705029715974	-0.09746079494809094	-0.05524226068203328	0.001	0	0
6.950010e-08	0.9937713855729735	-0.09389109243765638	-0.060024128292177875	0.001	0	0
6.960010e-08	0.9938370470454039	-0.09009229737877467	-0.0645856166114846	0.001	0	0
6.970010e-08	0.993902021293356	-0.08607757116252597	-0.06891606352470925	0.001	0	0
6.980010e-08	0.9939663154053137	-0.0818605530905997	-0.07300557298785999	0.001	0	0
6.990010e-08	0.9940299363988258	-0.07745531670866702	-0.07684503534065869	0.001	0	0
7.000010e-08	0.9940928912211677	-0.0728763253466156	-0.08042614517378084	0.001	0	0
7.010010e-08	0.9941551867500027	-0.06813838700044614	-0.08374141672460807	0.001	0	0
7.020010e-08	0.9942168297940345	-0.06325660869115224	-0.08678419678256301	0.001	0	0
7.030010e-08	0.9942778270936543	-0.05824635043604159	-0.08954867509239346	0.001	0	0
7.040010e-08	0.9943381853215872	-0.053123178967693765	-0.09202989225104849	0.001	0	0
7.050010e-08	0.9943979110835272	-0.047902821335110826	-0.094223745100979	0.001	0	0
7.060010e-08	0.9944570109187723	-0.04260111852059937	-0.09612698962983732	0.001	0	0
7.070010e-08	0.9945154913008513	-0.037233979204522705	-0.09773724139356121	0.001	0	0
7.080010e-08	0.9945733586381478	-0.03181733380831364	-0.09905297348673964	0.001	0	0
7.090010e-08	0.9946306192745155	-0.026367088944019002	-0.10007351209092254	0.001	0	0
7.100010e-08	0.9946872794898934	-0.020899082396194216	-0.10079902963814566	0.001	0	0
7.110010e-08	0.9947433455009119	-0.01542903875916877	-0.10123053563338057	0.001	0	0
7.120010e-08	0.9947988234614966	-0.0099725258495887	-0.10136986518587088	0.001	0	0
7.130010e-08	0.9948537194634638	-0.004544912010711244	-0.10121966530534833	0.001	0	0
7.140010e-08	0.9949080395371155	0.0008386755788002175	-0.10078337902495031	0.001	0	0
7.150010e-08	0.9949617896518265	0.006163391482846133	-0.10006522741823912	0.001	0	0
7.160010e-08	0.9950149757166258	0.01141471136817472	-0.09907018958306142	0.001	0	0
7.170010e-08	0.9950676035807767	0.01657847004706783	-0.09780398067005455	0.001	0	0
7.180010e-08	0.9951196790343488	0.02164089810729664	-0.09627302803840901	0.001	0	0
7.190010e-08	0.9951712078087854	0.026588657039217572	-0.09448444562600715	0.001	0	0
7.200010e-08	0.9952221955774692	0.03140887277508963	-0.0924460066252723	0.001	0	0
7.210010e-08	0.9952726479562791	0.03608916756109591	-0.09016611455998479	0.001	0	0
7.220010e-08	0.995322570504144	0.040617690088123375	-0.08765377286191696	0.001	0	0
7.230010e-08	0.9953719687235943	0.044983143813086685	-0.0849185530494188	0.001	0	0
7.240010e-08	0.9954208480613045	0.04917481340844345	-0.08197056161304729	0.001	0	0
7.250010e-08	0.9954692139086323	0.05318258928353839	-0.07882040571595685	0.001	0	0
7.260010e-08	0.9955170716021565	0.05699699012749151	-0.07547915781905132	0.001	0	0
7.270010e-08	0.9955644264242055	0.060609183429521526	-0.0719583193428638	0.001	0	0
7.280010e-08	0.9956112836033832	0.06401100393881615	-0.06826978347972465	0.001	0	0
7.290010e-08	0.9956576483150923	0.06719497003234483	-0.06442579727106401	0.001	0	0
7.300010e-08	0.9957035256820496	0.07015429796530769	-0.06043892306561475	0.001	0	0
7.310010e-08	0.9957489207747982	0.0728829139852246	-0.056321999474870106	0.001	0	0
7.320010e-08	0.9957938386122172	0.07537546429696974	-0.0520881019424019	0.001	0	0
7.330010e-08	0.9958382841620232	0.07762732287232788	-0.047750503043555624	0.001	0	0
7.340010e-08	0.9958822623412714	0.07963459710387817	-0.043322632631617154	0.001	0	0
7.350010e-08	0.9959257780168479	0.08139413130917166	-0.03881803794579975	0.001	0	0
7.360010e-08	0.9959688360059619	0.0829035080972531	-0.03425034379532685	0.001	0	0
7.370010e-08	0.996011441076631	0.0841610476155677	-0.02963321293250224	0.001	0	0
7.380010e-08	0.9960535979481628	0.0851658047011636	-0.024980306725957902	0.001	0	0
7.390010e-08	0.9960953112916326	0.08591756396584752	-0.020305246243278938	0.001	0	0
7.400010e-08	0.996136585730356	0.0864168328505555	-0.015621573849910678	0.001	0	0
7.410010e-08	0.9961774258403585	0.08666483268964112	-0.010942715428685358	0.001	0	0
7.420010e-08	0.9962178361508404	0.08666348783105654	-0.006281943321457962	0.001	0	0
7.430010e-08	0.9962578211446352	0.08641541286348703	-0.0016523400912394038	0.001	0	0
7.440010e-08	0.9962973852586695	0.08592389800639015	0.002933236800143594	0.001	0	0
7.450010e-08	0.9963365328844127	0.08519289272355932	0.007462189307422667	0.001	0	0
7.460010e-08	0.996375268368326	0.08422698762530097	0.011922212022675962	0.001	0	0
7.470010e-08	0.9964135960123071	0.08303139472852722	0.016301324217939145	0.001	0	0
7.480010e-08	0.9964515200741297	0.0816119261480499	0.020587900630275147	0.001	0	0
7.490010e-08	0.9964890447678793	0.07997497129609771	0.024770700914349297	0.001	0	0
7.500010e-08	0.9965261742643867	0.07812747267054825	0.02883889769213833	0.001	0	0
7.510010e-08	0.9965629126916563	0.07607690031557195	0.03278210313413326	0.001	0	0
7.520010e-08	0.9965992641352881	0.07383122504132116	0.03659039401127335	0.001	0	0
7.530010e-08	0.9966352326389009	0.07139889049195201	0.04025433516184386	0.001	0	0
7.540010e-08	0.9966708222045481	0.06878878415364276	0.04376500132267622	0.001	0	0
7.550010e-08	0.9967060367931293	0.06601020739635333	0.047113997279189294	0.001	0	0
7.560010e-08	0.9967408803248017	0.06307284464487102	0.05029347629408262	0.001	0	0
7.570010e-08	0.9967753566793829	0.059986731776193535	0.05329615677983103	0.001	0	0
7.580010e-08	0.9968094696967538	0.05676222384150663	0.056115337185507944	0.001	0	0
7.590010e-08	0.9968432231772567	0.053409962211935086	0.058744909073876674	0.001	0	0
7.600010e-08	0.996876620882088	0.04994084124786679	0.061179368370108116	0.001	0	0
7.610010e-08	0.9969096665336903	0.04636597459198867	0.06341382476890817	0.001	0	0
7.620010e-08	0.9969423638161378	0.042696661186203494	0.06544400929223339	0.001	0	0
7.630010e-08	0.9969747163755213	0.03894435111236419	0.06726627999514903	0.001	0	0
7.640010e-08	0.9970067278203258	0.03512061135622446	0.06887762582270034	0.001	0	0
7.650010e-08	0.997038401721808	0.03123709159320227	0.07027566862592229	0.001	0	0
7.660010e-08	0.9970697416143689	0.02730549009346744	0.07145866335029695	0.001	0	0
7.670010e-08	0.9971007509959227	0.023337519842519066	0.07242549641505677	0.001	0	0
7.680010e-08	0.9971314333282614	0.019344874971803896	0.07317568230670782	0.001	0	0
7.690010e-08	0.9971617920374196	0.015339197592065125	0.07370935841501725	0.001	0	0
7.700010e-08	0.997191830514031	0.011332045119998559	0.07402727814444189	0.001	0	0
7.710010e-08	0.9972215521136845	0.007334858186445719	0.07413080233856023	0.001	0	0
7.720010e-08	0.9972509601572771	0.0033589292117773943	0.07402188905951433	0.001	0	0
7.730010e-08	0.9972800579313619	-0.0005846282686755366	0.07370308176872174	0.001	0	0
7.740010e-08	0.9973088486884936	-0.004484909449287296	0.07317749595923029	0.001	0	0
7.750010e-08	0.997337335647571	-0.00833124719224526	0.0724488042939715	0.001	0	0
7.760010e-08	0.997365521994176	-0.012113239985832525	0.07152122030789687	0.001	0	0
7.770010e-08	0.997393410880909	-0.015820778853178986	0.0703994807354784	0.001	0	0
7.780010e-08	0.9974210054277224	-0.0194440731454989	0.06908882652834682	0.001	0	0
7.790010e-08	0.9974483087222487	-0.02297367515770702	0.06759498263091952	0.001	0	0
7.800010e-08	0.9974753238201273	-0.026400503508317397	0.0659241365847133	0.001	0	0
7.810010e-08	0.997502053745328	-0.0297158652296658	0.06408291603465821	0.001	0	0
7.820010e-08	0.9975285014904712	-0.03291147651874427	0.062078365213098674	0.001	0	0
7.830010e-08	0.9975546700171443	-0.03597948210328356	0.05991792047931792	0.001	0	0
7.840010e-08	0.9975805622562153	-0.03891247318214841	0.05760938499430374	0.001	0	0
7.850010e-08	0.9976061811081449	-0.04170350390361679	0.055160902612121906	0.001	0	0
7.860010e-08	0.9976315294432941	-0.044346106349668374	0.05258093107066211	0.001	0	0
7.870010e-08	0.9976566101022284	-0.04683430399901683	0.049878214565658704	0.001	0	0
7.880010e-08	0.997681425896021	-0.04916262364625018	0.04706175579278299	0.001	0	0
7.890010e-08	0.997705979606551	-0.05132610575909687	0.0441407875432461	0.001	0	0
7.900010e-08	0.9977302739868011	-0.053320313260486106	0.04112474393873175	0.001	0	0
7.910010e-08	0.9977543117611489	-0.055141338726717753	0.03802323139162788	0.001	0	0
7.920010e-08	0.9977780956256594	-0.05678580999767483	0.03484599937640529	0.001	0	0
7.930010e-08	0.9978016282483716	-0.05825089419959489	0.03160291109765058	0.001	0	0
7.940010e-08	0.9978249122695844	-0.05953430018545312	0.02830391413965399	0.001	0	0
7.950010e-08	0.9978479503021375	-0.06063427940248186	0.024959011181631192	0.001	0	0
7.960010e-08	0.9978707449316925	-0.06154962520074974	0.02157823086158964	0.001	0	0
7.970010e-08	0.9978932987170092	-0.062279670601037646	0.018171598870561783	0.001	0	0
7.980010e-08	0.9979156141902176	-0.0628242845444647	0.01474910935741704	0.001	0	0
7.990010e-08	0.9979376938570929	-0.06318386665042695	0.011320696722741004	0.001	0	0
8.000010e-08	0.9979595401973216	-0.06335934051339762	0.007896207878338817	0.001	0	0
8.010010e-08	0.9979811556647685	-0.06335214557300384	0.004485375046790228	0.001	0	0
8.020010e-08	0.9980025426877399	-0.06316422759550899	0.001097789173163315	0.001	0	0
8.030010e-08	0.9980237036692453	-0.06279802780840993	-0.002257125981508764	0.001	0	0
8.040010e-08	0.9980446409872556	-0.06225647073327137	-0.005570138998059847	0.001	0	0
8.050010e-08	0.9980653569949572	-0.06154295076517694	-0.00883223514424259	0.001	0	0
8.060010e-08	0.9980858540210094	-0.060661317550248756	-0.012034639845904783	0.001	0	0
8.070010e-08	0.9981061343697899	-0.0596158602155958	-0.015168841226331529	0.001	0	0
8.080010e-08	0.9981262003216482	-0.05841129050876166	-0.018226611659064636	0.001	0	0
8.090010e-08	0.9981460541331485	-0.05705272490626686	-0.02120002828290379	0.001	0	0
8.100010e-08	0.9981656980373146	-0.05554566575316621	-0.024081492431297032	0.001	0	0
8.110010e-08	0.99818513424387	-0.05389598149766807	-0.02686374793193388	0.001	0	0
8.120010e-08	0.9982043649394783	-0.05210988608678	-0.029539898236044273	0.001	0	0
8.130010e-08	0.998223392287978	-0.050193917590656834	-0.032103422340680726	0.001	0	0
8.140010e-08	0.9982422184306174	-0.048154916124825725	-0.034548189471095024	0.001	0	0
8.150010e-08	0.9982608454862861	-0.04600000114074718	-0.03686847249420966	0.001	0	0
8.160010e-08	0.9982792755517451	-0.043736548156243636	-0.03905896003811998	0.001	0	0
8.170010e-08	0.9982975107018531	-0.041372164998177745	-0.04111476729652366	0.001	0	0
8.180010e-08	0.9983155529897917	-0.038914667630405644	-0.04303144550095683	0.001	0	0
8.190010e-08	0.9983334044472884	-0.03637205564044766	-0.044804990047705176	0.001	0	0
8.200010e-08	0.9983510670848379	-0.03375248745853106	-0.046431847270245956	0.001	0	0
8.210010e-08	0.9983685428919183	-0.03106425538265211	-0.04790891985204325	0.001	0	0
8.220010e-08	0.9983858338372095	-0.028315760483090157	-0.04923357087846467	0.001	0	0
8.230010e-08	0.9984029418688054	-0.025515487459382456	-0.0504036265304922	0.001	0	0
8.240010e-08	0.9984198689144272	-0.02267197952213962	-0.05141737742675731	0.001	0	0
8.250010e-08	0.998436616881633	-0.019793813371253525	-0.05227357862422608	0.001	0	0
8.260010e-08	0.9984531876580246	-0.016889574341025396	-0.052971448291593455	0.001	0	0
8.270010e-08	0.998469583111453	-0.01396783178152394	-0.053510665073090796	0.001	0	0
8.280010e-08	0.9984858050902238	-0.011037114744083656	-0.053891364163972284	0.001	0	0
8.290010e-08	0.9985018554232966	-0.00810588803727061	-0.054114132122409286	0.001	0	0
8.300010e-08	0.9985177359204859	-0.0051825287178903804	-0.05418000044587697	0.001	0	0
8.310010e-08	0.9985334483726579	-0.0022753030796895408	-0.054090437943357245	0.001	0	0
8.320010e-08	0.9985489945519265	0.0006076557996759986	-0.05384734193779575	0.001	0	0
8.330010e-08	0.9985643762118463	0.0034583698950654738	-0.0534530283362414	0.001	0	0
8.340010e-08	0.9985795950876053	0.006269037397705141	-0.05291022060793691	0.001	0	0
8.350010e-08	0.9985946528962129	0.009032053153012498	-0.05222203771333578	0.001	0	0
8.360010e-08	0.9986095513366897	0.011740028321575478	-0.05139198102956839	0.001	0	0
8.370010e-08	0.9986242920902526	0.014385809215223965	-0.05042392032027437	0.001	0	0
8.380010e-08	0.9986388768204973	0.016962495262994686	-0.04932207879995017	0.001	0	0
8.390010e-08	0.9986533071735838	0.01946345606475403	-0.04809101734502232	0.001	0	0
8.400010e-08	0.9986675847784139	0.021882347493295377	-0.04673561790575254	0.001	0	0
8.410010e-08	0.9986817112468109	0.0242131268088615	-0.04526106617479855	0.001	0	0
8.420010e-08	0.9986956881736969	0.026450066753244777	-0.04367283356979551	0.001	0	0
8.430010e-08	0.9987095171372666	0.02858776859388295	-0.04197665858868016	0.001	0	0
8.440010e-08	0.9987231996991612	0.030621174091681042	-0.040178527597664555	0.001	0	0
8.450010e-08	0.9987367374046403	0.032545576369644655	-0.03828465511275091	0.001	0	0
8.460010e-08	0.9987501317827505	0.03435662966279726	-0.036301463636498575	0.001	0	0
8.470010e-08	0.9987633843464945	0.036050357933253604	-0.03423556311237039	0.001	0	0
8.480010e-08	0.9987764965929965	0.03762316233774526	-0.032093730059430725	0.001	0	0
8.490010e-08	0.9987894700036681	0.039071827538301886	-0.02988288645041854	0.001	0	0
8.500010e-08	0.9988023060443706	0.04039352685020503	-0.027610078396294428	0.001	0	0
8.510010e-08	0.998815006165575	0.04158582622471753	-0.02528245470024906	0.001	0	0
8.520010e-08	0.9988275718025245	0.04264668706744835	-0.02290724534387208	0.001	0	0
8.530010e-08	0.9988400043753899	0.04357446789653859	-0.020491739967719157	0.001	0	0
8.540010e-08	0.9988523052894284	0.04436792484812738	-0.018043266407871048	0.001	0	0
8.550010e-08	0.9988644759351366	0.04502621103977536	-0.015569169349277807	0.001	0	0
8.560010e-08	0.9988765176884047	0.04554887480567765	-0.013076789155701471	0.001	0	0
8.570010e-08	0.9988884319106685	0.045935856820583765	-0.010573440934943288	0.001	0	0
8.580010e-08	0.9989002199490586	0.046187486132337946	-0.008066393896745351	0.001	0	0
8.590010e-08	0.9989118831365507	0.04630447512587111	-0.0055628510593206055	0.001	0	0
8.600010e-08	0.9989234227921107	0.04628791344428813	-0.003069929358876822	0.001	0	0
8.610010e-08	0.9989348402208424	0.04613926089541253	-0.0005946402147766047	0.001	0	0
8.620010e-08	0.9989461367141312	0.045860339374748975	0.0018561293988819869	0.001	0	0
8.630010e-08	0.9989573135497855	0.04545332383831907	0.004275635326462226	0.001	0	0
8.640010e-08	0.9989683719921791	0.04492073236118505	0.006657294002062893	0.001	0	0
8.650010e-08	0.9989793132923921	0.04426541531972048	0.00899469957438298	0.001	0	0
8.660010e-08	0.9989901386883469	0.043490543737790606	0.011281640343007474	0.001	0	0
8.670010e-08	0.9990008494049467	0.042599596838973616	0.013512114466358206	0.001	0	0
8.680010e-08	0.9990114466542114	0.041596348848785145	0.01568034490405573	0.001	0	0
8.690010e-08	0.9990219316354105	0.0404848550925485	0.017780793559021096	0.001	0	0
8.700010e-08	0.9990323055351974	0.03926943743608811	0.019808174587299283	0.001	0	0
8.710010e-08	0.9990425695277401	0.03795466911780851	0.021757466846306032	0.001	0	0
8.720010e-08	0.9990527247748514	0.03654535902195025	0.02362392545497121	0.001	0	0
8.730010e-08	0.9990627724261174	0.03504653544388827	0.02540309244207341	0.001	0	0
8.740010e-08	0.9990727136190257	0.03346342939925609	0.027090806461917336	0.001	0	0
8.750010e-08	0.999082549479092	0.03180145752943973	0.02868321155939438	0.001	0	0
8.760010e-08	0.9990922811199833	0.030066204656585677	0.03017676496937437	0.001	0	0
8.770010e-08	0.9991019096436426	0.028263406041710234	0.03156824393829943	0.001	0	0
8.780010e-08	0.9991114361404118	0.0263989293997834	0.03285475155877325	0.001	0	0
8.790010e-08	0.9991208616891523	0.024478756725787386	0.03403372161086281	0.001	0	0
8.800010e-08	0.9991301873573635	0.02250896598572203	0.03510292240673561	0.001	0	0
8.810010e-08	0.9991394142013043	0.020495712726347527	0.03606045963814265	0.001	0	0
8.820010e-08	0.9991485432661072	0.01844521165711914	0.03690477822911571	0.001	0	0
8.830010e-08	0.9991575755858978	0.016363718257287534	0.03763466319906831	0.001	0	0
8.840010e-08	0.9991665121839073	0.014257510460504838	0.038249239544266705	0.001	0	0
8.850010e-08	0.9991753540725875	0.012132870468506526	0.03874797114836011	0.001	0	0
8.860010e-08	0.999184102253723	0.009996066744522848	0.039130658735327166	0.001	0	0
8.870010e-08	0.9991927577185432	0.00785333623602914	0.039397436880791975	0.001	0	0
8.880010e-08	0.999201321447833	0.005710866875262068	0.039548770100189076	0.001	0	0
8.890010e-08	0.9992097944120394	0.0035747804046254482	0.039585448034706476	0.001	0	0
8.900010e-08	0.999218177571384	0.0014511155726825782	0.039508579758289274	0.001	0	0
8.910010e-08	0.9992264718759656	-0.0006541882551104444	0.03931958723126483	0.001	0	0
8.920010e-08	0.9992346782658693	-0.0027353070284276706	0.03902019792831373	0.001	0	0
8.930010e-08	0.9992427976712699	-0.004786547446106346	0.038612436670585476	0.001	0	0
8.940010e-08	0.9992508310125351	-0.006802361853298341	0.03809861669372108	0.001	0	0
8.950010e-08	0.9992587792003291	-0.008777362564794444	0.03748132998539132	0.001	0	0
8.960010e-08	0.9992666431357148	-0.010706335579607531	0.03676343692769956	0.001	0	0
8.970010e-08	0.9992744237102519	-0.01258425365401015	0.035948055281412025	0.001	0	0
8.980010e-08	0.9992821218060989	-0.014406288702404414	0.03503854855047021	0.001	0	0
8.990010e-08	0.9992897382961108	-0.01616782349764693	0.03403851376660933	0.001	0	0
9.000010e-08	0.9992972740439351	-0.017864462644757002	0.032951768735147234	0.001	0	0
9.010010e-08	0.9993047299041107	-0.019492042804288276	0.031782338784109763	0.001	0	0
9.020010e-08	0.999312106722162	-0.021046642144042747	0.03053444305984362	0.001	0	0
9.030010e-08	0.9993194053346931	-0.02252458900023782	0.02921248041310302	0.001	0	0
9.040010e-08	0.9993266265694817	-0.02392246973169878	0.027821014920306954	0.001	0	0
9.050010e-08	0.9993337712455718	-0.025237135753130358	0.02636476108523552	0.001	0	0
9.060010e-08	0.9993408401733652	-0.02646570973601866	0.024848568766869302	0.001	0	0
9.070010e-08	0.9993478341547116	-0.027605590968215007	0.023277407879379063	0.001	0	0
9.080010e-08	0.999354753982999	-0.02865445986575647	0.021656352910435675	0.001	0	0
9.090010e-08	0.9993616004432424	-0.02961028163297015	0.01999056730404689	0.001	0	0
9.100010e-08	0.9993683743121704	-0.03047130906938796	0.018285287754023532	0.001	0	0
9.110010e-08	0.9993750763583141	-0.031236084524454987	0.016545808453949092	0.001	0	0
9.120010e-08	0.9993817073420919	-0.03190344100344019	0.014777465349165068	0.001	0	0
9.130010e-08	0.9993882680158939	-0.03247250243035612	0.012985620435800014	0.001	0	0
9.140010e-08	0.9993947591241681	-0.03294268307603697	0.011175646151257974	0.001	0	0
9.150010e-08	0.9994011814035021	-0.033313686161836165	0.009352909899852855	0.001	0	0
9.160010e-08	0.9994075355827071	-0.03358550165164362	0.007522758756426097	0.001	0	0
9.170010e-08	0.9994138223828979	-0.0337584032471172	0.005690504389824425	0.001	0	0
9.180010e-08	0.9994200425175745	-0.03383294460314421	0.003861408247042273	0.001	0	0
9.190010e-08	0.9994261966927024	-0.03380995478259728	0.002040667037656766	0.001	0	0
9.200010e-08	0.9994322856067912	-0.0336905329714269	0.00023339855690557537	0.001	0	0
9.210010e-08	0.9994383099509737	-0.03347604247702671	-0.0015553721156161692	0.001	0	0
9.220010e-08	0.9994442704090813	-0.033168104034613274	-0.0033207260061291904	0.001	0	0
9.230010e-08	0.9994501676577244	-0.032768588448085126	-0.0050578631917542645	0.001	0	0
9.240010e-08	0.9994560023663642	-0.032279608593444656	-0.00676211526818041	0.001	0	0
9.250010e-08	0.9994617751973907	-0.031703510814399906	-0.008428957309297382	0.001	0	0
9.260010e-08	0.9994674868061952	-0.031042865741182372	-0.010054019289950292	0.001	0	0
9.270010e-08	0.9994731378412461	-0.03030045856494733	-0.011633096944815194	0.001	0	0
9.280010e-08	0.9994787289441588	-0.02947927880132988	-0.013162162038292373	0.001	0	0
9.290010e-08	0.9994842607497701	-0.02858250957784457	-0.014637372022265616	0.001	0	0
9.300010e-08	0.9994897338862081	-0.027613516480807673	-0.01605507906057109	0.001	0	0
9.310010e-08	0.9994951489749637	-0.026575835998344673	-0.017411838401055684	0.001	0	0
9.320010e-08	0.9995005066309594	-0.025473163596817498	-0.018704416078172414	0.001	0	0
9.330010e-08	0.9995058074626193	-0.024309341468656646	-0.01992979593115778	0.001	0	0
9.340010e-08	0.9995110520719371	-0.02308834599012406	-0.021085185924950768	0.001	0	0
9.350010e-08	0.9995162410545434	-0.02181427492795549	-0.022168023763144876	0.001	0	0
9.360010e-08	0.9995213749997733	-0.020491334434136303	-0.02317598178440295	0.001	0	0
9.370010e-08	0.9995264544907321	-0.01912382586825691	-0.02410697113590577	0.001	0	0
9.380010e-08	0.9995314801043609	-0.017716132486970765	-0.024959145219541626	0.001	0	0
9.390010e-08	0.9995364524115017	-0.016272706040038214	-0.02573090240867021	0.001	0	0
9.400010e-08	0.999541371976962	-0.014798053312291283	-0.026420888035404273	0.001	0	0
9.410010e-08	0.9995462393595772	-0.013296722650592929	-0.027027995650440804	0.001	0	0
9.420010e-08	0.9995510551122743	-0.011773290514492319	-0.02755136755953229	0.001	0	0
9.430010e-08	0.9995558197821345	-0.010232348088802969	-0.027990394642716073	0.001	0	0
9.440010e-08	0.9995605339104527	-0.00867848799574738	-0.028344715464406933	0.001	0	0
9.450010e-08	0.9995651980328017	-0.007116291143629607	-0.028614214684401108	0.001	0	0
9.460010e-08	0.9995698126790893	-0.005550313748215351	-0.028799020781734165	0.001	0	0
9.470010e-08	0.9995743783736197	-0.003985074562122221	-0.028899503105175053	0.001	0	0
9.480010e-08	0.9995788956351525	-0.0024250423465545486	-0.028916268265919618	0.001	0	0
9.490010e-08	0.99958336497696	-0.0008746236186601577	-0.02885015588976314	0.001	0	0
9.500010e-08	0.999587786906886	0.0006618492933539897	-0.028702233747683697	0.001	0	0
9.510010e-08	0.9995921619274034	0.0021801298564308957	-0.028473792285343642	0.001	0	0
9.520010e-08	0.9995964905356691	0.003676068570577213	-0.028166338573522316	0.001	0	0
9.530010e-08	0.9996007732235819	0.005145623810228468	-0.02778158970291398	0.001	0	0
9.540010e-08	0.9996050104778361	0.006584872242246351	-0.02732146564806934	0.001	0	0
9.550010e-08	0.9996092027799779	0.007990018795223744	-0.026788081626514564	0.001	0	0
9.560010e-08	0.9996133506064594	0.009357406156325063	-0.026183739980251176	0.001	0	0
9.570010e-08	0.999617454428691	0.010683523773492683	-0.025510921607918097	0.001	0	0
9.580010e-08	0.9996215147130959	0.011965016342500152	-0.024772276976884895	0.001	0	0
9.590010e-08	0.9996255319211627	0.01319869176002432	-0.02397061674543613	0.001	0	0
9.600010e-08	0.9996295065094962	0.014381528525635455	-0.02310890202600415	0.001	0	0
9.610010e-08	0.9996334389298704	0.015510682577361788	-0.022190234321106287	0.001	0	0
9.620010e-08	0.999637329629278	0.016583493547268884	-0.021217845164244714	0.001	0	0
9.630010e-08	0.9996411790499822	0.01759749042529655	-0.02019508549852928	0.001	0	0
9.640010e-08	0.9996449876295657	0.01855039662141377	-0.01912541482618805	0.001	0	0
9.650010e-08	0.9996487558009798	0.019440134417979604	-0.018012390162433816	0.001	0	0
9.660010e-08	0.9996524839925944	0.020264828806027122	-0.01685965482736134	0.001	0	0
9.670010e-08	0.9996561726282456	0.021022810701018604	-0.015670927109656375	0.001	0	0
9.680010e-08	0.9996598221272831	0.021712619535441725	-0.014449988835907713	0.001	0	0
9.690010e-08	0.9996634329046185	0.022333005227426775	-0.013200673879224042	0.001	0	0
9.700010e-08	0.9996670053707705	0.022882929526361794	-0.011926856640676506	0.001	0	0
9.710010e-08	0.9996705399319145	0.023361566738250815	-0.010632440536808977	0.001	0	0
9.720010e-08	0.9996740369899245	0.02376830383530941	-0.00932134652608973	0.001	0	0
9.730010e-08	0.9996774969424211	0.02410273995600432	-0.007997501706718096	0.001	0	0
9.740010e-08	0.9996809201828153	0.024364685303423127	-0.006664828017653278	0.001	0	0
9.750010e-08	0.9996843071003533	0.024554159451497446	-0.005327231074098219	0.001	0	0
9.760010e-08	0.9996876580801607	0.024671389070196344	-0.003988589167957695	0.001	0	0
9.770010e-08	0.9996909735032851	0.024716805082354156	-0.00265274246299331	0.001	0	0
9.780010e-08	0.9996942537467404	0.02469103926628408	-0.0013234824135267373	0.001	0	0
9.790010e-08	0.999697499183548	0.024594920319769627	-4.54143459752131e-06	0.001	0	0
9.800010e-08	0.9997007101827797	0.024429469402399682	0.0013004171495335612	0.001	0	0
9.810010e-08	0.9997038871096009	0.02419589517452661	0.002587808852725687	0.001	0	0
9.820010e-08	0.9997070303253076	0.023895588352372543	0.0038541374454773747	0.001	0	0
9.830010e-08	0.9997101401873721	0.023530115799988642	0.0050960040211600055	0.001	0	0
9.840010e-08	0.9997132170494809	0.023101214179876282	0.006310115687757725	0.001	0	0
9.850010e-08	0.9997162612615744	0.022610783185112025	0.007493293864212917	0.001	0	0
9.860010e-08	0.9997192731698873	0.0220608783767724	0.008642482161829272	0.001	0	0
9.870010e-08	0.9997222531169877	0.02145370365133412	0.009754753832578194	0.001	0	0
9.880010e-08	0.9997252014418158	0.020791603363520934	0.01082731876758696	0.001	0	0
9.890010e-08	0.9997281184797215	0.020077054130784464	0.011857530030549878	0.001	0	0
9.900010e-08	0.9997310045625036	0.019312656346241058	0.012842889912297544	0.001	0	0
9.910010e-08	0.9997338600184461	0.018501125427435875	0.01378105549427392	0.001	0	0
9.920010e-08	0.9997366851723563	0.017645282828771945	0.01466984371020665	0.001	0	0
9.930010e-08	0.9997394803456003	0.016748046845822467	0.015507235896805659	0.001	0	0
9.940010e-08	0.9997422458561412	0.015812423240041888	0.016291381825883113	0.001	0	0
9.950010e-08	0.9997449820185732	0.014841495712603453	0.017020603211853922	0.001	0	0
9.960010e-08	0.9997476891441585	0.013838416256216771	0.017693396690139074	0.001	0	0
9.970010e-08	0.9997503675408618	0.012806395413824336	0.018308436263557736	0.001	0	0
9.980010e-08	0.999753017513385	0.01174869247303448	0.018864575215345115	0.001	0	0
9.990010e-08	0.9997556393632028	0.010668605625027753	0.019360847488975125	0.001	0	0
