#t	<mx>	<my>	<mz>	Dt
1.000000e-15	0.99999999984527	1.7587964812296112e-05	3.517592962458651e-07	6.733341010226045e-15
5.095475e-12	0.9959853081993897	0.08949890192692657	0.001792318286731369	1.1764386539474317e-13
1.015405e-11	0.984089066616156	0.17763995371567626	0.0035715277452404086	1.1763804990121354e-13
1.521231e-11	0.9644068494329694	0.2643686839941638	0.005350485021728621	1.176289831911805e-13
2.027011e-11	0.9370969522096348	0.34899638631122737	0.007129130460105322	1.1761675738952127e-13
2.532732e-11	0.9023788205186538	0.4308516245721852	0.008907406068633137	1.1760149314335902e-13
3.038381e-11	0.8605311690535452	0.5092857080194269	0.010685255939377592	1.1758333783603836e-13
3.543947e-11	0.8118896029299808	0.5836779553756493	0.012462626637251261	1.1756246347722268e-13
4.049417e-11	0.7568437664870472	0.6534407017422991	0.014239467554367958	1.1753906434069856e-13
4.554782e-11	0.6958340493479682	0.718024005254204	0.016015731226520225	1.1751335443255655e-13
5.060032e-11	0.6293478834214842	0.776920014324498	0.017791373609692997	1.1748556485364954e-13
5.565158e-11	0.557915667882045	0.8296669604790383	0.01956635431563682	1.1745594113015206e-13
6.070153e-11	0.48210636194613343	0.8758527461804038	0.0213406368065513	1.174247405787885e-13
6.575012e-11	0.4025227874638871	0.9151181015912551	0.023114188549890776	1.1739222976304353e-13
7.079728e-11	0.31979668498995734	0.9471592888418588	0.024886981135082826	1.1735868208665529e-13
7.584299e-11	0.23458356810968822	0.9717303369794523	0.02665899035460874	1.173243755628844e-13
8.088721e-11	0.1475574214147657	0.9886447953266523	0.028430196252345205	1.1728959078195476e-13
8.592993e-11	0.059405287684877885	0.9977769974162262	0.030200583142334796	1.1725460908813053e-13
9.097114e-11	-0.0291782104199573	0.9990628319633187	0.03197013960123427	1.17219710965876e-13
9.601086e-11	-0.11749636947759326	0.992500021456379	0.03373885843758979	1.1718517462283073e-13
1.010491e-10	-0.2048558815161102	0.9781479128748249	0.03550673664082564	1.1715127474738068e-13
1.060859e-10	-0.2905722448688505	0.9561267887606933	0.03727377531242334	1.1711828140926938e-13
1.111213e-10	-0.37397506875880554	0.9266167103722777	0.03903997958125785	1.1708645906738707e-13
1.161554e-10	-0.45441323248256116	0.8898559079210933	0.040805358504450134	1.1705606564094282e-13
1.211882e-10	-0.5312598620702055	0.8461387359307685	0.0425699249544519	1.1702735160305287e-13
1.262198e-10	-0.6039170895026557	0.7958132145488833	0.04433369549241307	1.1700055904968952e-13
1.312503e-10	-0.6718205619499944	0.7392781801807001	0.046096690227239494	1.169759207066488e-13
1.362798e-10	-0.7344436710297227	0.6769800710871107	0.047858932659168005	1.1695365883362126e-13
1.413084e-10	-0.7913014747457041	0.6094093755892497	0.049620449506170894	1.169339839993883e-13
1.463362e-10	-0.8419542875300888	0.5370967722397544	0.05138127051112685	1.169170937045322e-13
1.513633e-10	-0.8860109166378491	0.4606089927525375	0.05314142822742789	1.1690317083797537e-13
1.563899e-10	-0.9231315260050056	0.38054443962623064	0.05490095778060681	1.1689238196887257e-13
1.614161e-10	-0.953030111539433	0.29752859125805237	0.05665989660363523	1.168848754837522e-13
1.664421e-10	-0.9754765746326404	0.21220922793475475	0.0584182841438014	1.1688077958909348e-13
1.714679e-10	-0.9902983834266527	0.12525151242571783	0.060176161539503746	1.1688020021734185e-13
1.764938e-10	-0.9973818140117737	0.03733295901523652	0.061933571265914235	1.1688321887958164e-13
1.815199e-10	-0.9966727662426514	-0.05086167526922124	0.06369055674924781	1.1688989052475714e-13
1.865464e-10	-0.9881771512244633	-0.13864554370968815	0.06544716195030363	1.1690024146966283e-13
1.915734e-10	-0.9719608497302678	-0.22533487405266212	0.06720343091901462	1.1691426747717714e-13
1.966010e-10	-0.9481492428677003	-0.3102541109978716	0.06895940732290998	1.1693193206151188e-13
2.016296e-10	-0.9169263182334961	-0.3927410046846211	0.07071513395362891	1.1695316510748415e-13
2.066590e-10	-0.8785333566046991	-0.4721516132558879	0.07247065221689805	1.1697786188570068e-13
2.116897e-10	-0.8332672059546651	-0.5478651879478273	0.07422600161262526	1.170058825509148e-13
2.167216e-10	-0.781478151297385	-0.6192889094531997	0.07598121921296078	1.1703705219754814e-13
2.217549e-10	-0.723567390611142	-0.6858624445325534	0.0777363391472295	1.1707116153994673e-13
2.267897e-10	-0.6599841289295352	-0.7470622920095517	0.07949139210353613	1.1710796827672635e-13
2.318262e-10	-0.5912223046724528	-0.8024058874132987	0.08124640485751017	1.1714719916820849e-13
2.368643e-10	-0.517816964473821	-0.8514554356675869	0.0830013998390244	1.1718855285397006e-13
2.419044e-10	-0.4403403051870583	-0.89382144143958	0.08475639474776786	1.1723170339476998e-13
2.469462e-10	-0.35939740443835483	-0.9291659071271828	0.0865114022282194	1.1727630451197574e-13
2.519901e-10	-0.27562166405590355	-0.9572051690762452	0.08826642961382224	1.1732199446081652e-13
2.570359e-10	-0.18966999390963027	-0.97771234357257	0.09002147874898167	1.1736840144662456e-13
2.620837e-10	-0.10221776710058772	-0.9905193555465649	0.0917765458959296	1.1741514946706155e-13
2.671336e-10	-0.013953580968328412	-0.9955185248474475	0.09353162173148799	1.1746186443576937e-13
2.721854e-10	0.0744261380674186	-0.9926636874629147	0.09528669143641304	1.1750818041985012e-13
2.772392e-10	0.16222264437274245	-0.9819708322270616	0.0970417348773553	1.1755374580667666e-13
2.822950e-10	0.2487404530238891	-0.9635182373922868	0.0987967268786321	1.175982292063923e-13
2.873526e-10	0.33329294235125206	-0.9374460959219004	0.10055163757807255	1.176413248914405e-13
2.924120e-10	0.4152079294293557	-0.9039556234322533	0.10230643285831477	1.1768275758365883e-13
2.974732e-10	0.4938331672971556	-0.8633076482806937	0.10406107484221692	1.1772228641145e-13
3.025361e-10	0.5685417119618719	-0.8158206892268046	0.10581552243865364	1.1775970789077275e-13
3.076005e-10	0.6387371074031672	-0.7618685322286552	0.10756973192301487	1.1779485780762794e-13
3.126664e-10	0.7038583378986113	-0.7018773240913952	0.10932365753535146	1.1782761193186366e-13
3.177336e-10	0.763384499032773	-0.6363222066745772	0.11107725207835811	1.1785788552725333e-13
3.228021e-10	0.8168391416872832	-0.5657235209993503	0.11283046749739291	1.178856316788115e-13
3.278717e-10	0.8637942470429045	-0.490642615710957	0.11458325542543951	1.1791083850769511e-13
3.329424e-10	0.9038737950301012	-0.4116772988046176	0.11633556767737105	1.1793352538601728e-13
3.380139e-10	0.936756893583669	-0.32945697521194534	0.1180873566800026	1.1795373831850105e-13
3.430863e-10	0.9621804413154786	-0.24463751571185963	0.11983857582715261	1.1797154468071201e-13
3.481594e-10	0.9799413016386216	-0.15789590466511028	0.1215891797521078	1.179870275477723e-13
3.532332e-10	0.9898979717899776	-0.06992471530399082	0.12333912451345211	1.180002798531358e-13
3.583074e-10	0.9919717354576935	0.018573538185271743	0.12508836769393078	1.1801139863392962e-13
3.633821e-10	0.9861472927110851	0.10689212267081274	0.12683686841579347	1.180204796142786e-13
3.684571e-10	0.9724728655743571	0.19432583368072498	0.12858458727969366	1.1802761236585408e-13
3.735325e-10	0.9510597818454688	0.2801767211085771	0.13033148623757737	1.1803287626269085e-13
3.786079e-10	0.9220815436403348	0.36375974676451833	0.13207752841293907	1.1803633741611248e-13
3.836835e-10	0.8857723906789711	0.4444083288989436	0.1338226778842394	1.1803804673431435e-13
3.887592e-10	0.8424253715922008	0.5214797302594948	0.13556689944904363	1.1803803921419727e-13
3.938348e-10	0.7923899396006354	0.5943602476808941	0.1373101583875262	1.1803633451026324e-13
3.989103e-10	0.7360690918975246	0.6624701626317694	0.1390524202442762	1.1803293878609966e-13
4.039856e-10	0.6739160750427946	0.7252684135797169	0.1407936506468759	1.1802784779271458e-13
4.090607e-10	0.6064306817232308	0.782256952538853	0.14253381517844818	1.1802105106476215e-13
4.141354e-10	0.534155167401891	0.8329847498188421	0.1442728793193603	1.180125370833212e-13
4.192097e-10	0.4576698186846483	0.8770514129028792	0.14601080847055228	1.1800229919581847e-13
4.242836e-10	0.37758820865031256	0.9141103876547684	0.1477475680676228	1.1799034205602673e-13
4.293569e-10	0.29455217785897897	0.9438717127979959	0.1494831237909821	1.179766883099044e-13
4.344296e-10	0.20922658316884238	0.9661043019099014	0.15121744187319605	1.179613852346113e-13
4.395016e-10	0.12229385972119515	0.9806377310893807	0.15295048950024406	1.1794451102519612e-13
4.445728e-10	0.034448444336752725	0.9873635150063435	0.15468223529900213	1.179261804327449e-13
4.496432e-10	-0.053608889063641654	0.9862358591964377	0.1564126498989973	1.1790654946622107e-13
4.547128e-10	-0.14117672971116246	0.9772718821478003	0.15814170655256396	1.1788581890294877e-13
4.597814e-10	-0.22755871274873912	0.9605513068113034	0.1598693817941183	1.1786423638881968e-13
4.648491e-10	-0.3120691314134168	0.9362156274828689	0.16159565611653454	1.1784209696136472e-13
4.699158e-10	-0.3940384266492597	0.9044667643541638	0.1633205146406457	1.1781974188171505e-13
4.749816e-10	-0.47281850428242383	0.8655652241849182	0.16504394775284492	1.1779755572828084e-13
4.800465e-10	-0.5477878330000747	0.8198277912924667	0.1667659516855815	1.177759617619002e-13
4.851104e-10	-0.6183562803771249	0.7676247781684623	0.16848652901637462	1.1775541564268608e-13
4.901735e-10	-0.6839696489308559	0.7093768693382428	0.17020568906260242	1.1773639763168023e-13
4.952358e-10	-0.7441138794631746	0.6455515954328122	0.1719234481518292	1.1771940346599247e-13
5.002974e-10	-0.7983188945442632	0.5766594767605964	0.17363982975060993	1.177049341408187e-13
5.053585e-10	-0.8461620606604628	0.5032498769166244	0.17535486443848997	1.1769348487087453e-13
5.104191e-10	-0.8872712530514772	0.4259066071848466	0.17706858971809225	1.176855335202778e-13
5.154795e-10	-0.9213275123760868	0.3452433217638638	0.1787810496566816	1.1768152882227252e-13
5.205398e-10	-0.948067286878034	0.2618987423197396	0.18049229435923786	1.1768187870286725e-13
5.256002e-10	-0.9672842575239734	0.17653174822628312	0.18220237927773542	1.1768693902996503e-13
5.306609e-10	-0.9788307465546855	0.08981636630516607	0.183911364365917	1.1769700310780435e-13
5.357222e-10	-0.9826187119849681	0.0024366911537461616	0.18561931309328544	1.1771229221060405e-13
5.407842e-10	-0.9786203318195437	-0.08491823551880306	0.18732629133621184	1.1773294744744145e-13
5.458473e-10	-0.9668681821921237	-0.1715595605189163	0.18903236616795155	1.1775902321910562e-13
5.509116e-10	-0.9474550134029865	-0.25680374564898506	0.1907376045728739	1.1779048250749714e-13
5.559773e-10	-0.9205331270942362	-0.3399776622115563	0.19244207211332845	1.178271942086485e-13
5.610447e-10	-0.8863133567658663	-0.4204236312321959	0.19414583158017282	1.1786893268443796e-13
5.661140e-10	-0.8450636527314052	-0.49750438679763076	0.1958489416600679	1.1791537966871155e-13
5.711855e-10	-0.7971072716878269	-0.5706079387735169	0.19755145565403234	1.1796612861581377e-13
5.762591e-10	-0.7428205705810846	-0.6391523092560668	0.1992534202823861	1.180206915203903e-13
5.813352e-10	-0.6826304046262829	-0.7025901145403747	0.20095487461094488	1.1807850817814418e-13
5.864139e-10	-0.6170111304003689	-0.7604129613404927	0.20265584913207246	1.1813895776874914e-13
5.914951e-10	-0.5464812170365592	-0.8121556227086376	0.20435636503174215	1.1820137257433272e-13
5.965791e-10	-0.4715994718169421	-0.8573999558695603	0.20605643367014082	1.1826505354376428e-13
6.016659e-10	-0.3929608909182289	-0.8957785213321927	0.20775605629839605	1.1832928732896948e-13
6.067554e-10	-0.31119215165701913	-0.9269778605093747	0.20945522402780262	1.1839336432510524e-13
6.118476e-10	-0.22694676915447146	-0.9507413880009797	0.21115391806054057	1.1845659716722153e-13
6.169426e-10	-0.14089994764937266	-0.9668718549752453	0.21285211018247502	1.1851833906816794e-13
6.220401e-10	-0.053743164397103395	-0.975233341953912	0.2145497635095181	1.1857800134256113e-13
6.271402e-10	0.03382146820632126	-0.9757527429132601	0.21624683346957488	1.1863506944082003e-13
6.322426e-10	0.1210870093901196	-0.9684207079868389	0.21794326899270527	1.186891168400888e-13
6.373473e-10	0.2073476064532885	-0.9532920191016133	0.21963901387335852	1.1873981618927476e-13
6.424542e-10	0.29190445670174364	-0.9304853813708492	0.2213340082608294	1.1878694719671413e-13
6.475629e-10	0.3740717474346229	-0.9001826226576765	0.2230281902279498	1.1883040086803486e-13
6.526735e-10	0.4531825052583004	-0.8626273039675668	0.22472149736386496	1.188701798528116e-13
6.577857e-10	0.5285942868371815	-0.8181227537165489	0.22641386833483204	1.18906394817033e-13
6.628994e-10	0.5996946461115071	-0.7670295489235128	0.22810524435748175	1.1893925694094673e-13
6.680144e-10	0.6659063178576111	-0.7097624754812213	0.2297955705319118	1.1896906679683262e-13
6.731306e-10	0.7266920639311413	-0.6467870074323613	0.2314847969871641	1.1899620002552668e-13
6.782480e-10	0.7815591362078735	-0.5786153512795303	0.23317287979880558	1.1902109035956964e-13
6.833664e-10	0.8300633186379651	-0.5058021055871531	0.23485978164711446	1.190442106397717e-13
6.883667e-10	0.8709209572206076	-0.43076845739520747	0.2365062840334137	1.1906555541877787e-13
6.933679e-10	0.9050194289590792	-0.35245374778678407	0.23815160901751634	1.190861371728382e-13
6.983699e-10	0.9320968560164206	-0.2714653818777234	0.23979574109288487	1.1910639237918949e-13
7.033728e-10	0.951945922725329	-0.18843123030812325	0.241438670579485	1.1912671993069965e-13
7.083765e-10	0.9644153739435353	-0.10399475494215342	0.24308039296881248	1.1914746505381488e-13
7.133812e-10	0.9694110887656606	-0.01881005406851524	0.24472090806491403	1.191689051661753e-13
7.183867e-10	0.9668967336271836	0.06646314030166059	0.24636021895250199	1.1919123814086661e-13
7.233932e-10	0.9568939997976791	0.15116448345176112	0.24799833082898234	1.192145733742522e-13
7.284007e-10	0.9394824303235313	0.23463803016502885	0.2496352497418302	1.1923892597836167e-13
7.334093e-10	0.9147988408834543	0.31623721268495675	0.25127098127626624	1.1926421433528053e-13
7.384189e-10	0.88303633805013	0.3953297597735278	0.25290552924050735	1.1929026116546562e-13
7.434296e-10	0.8444429374247895	0.4713025320031347	0.2545388943969604	1.193167981722846e-13
7.484415e-10	0.7993197833539688	0.5435662472502152	0.25617107328752475	1.193434742220727e-13
7.534545e-10	0.7480189717626775	0.6115600683389695	0.2578020571995923	1.1936986692357031e-13
7.584685e-10	0.6909409783229519	0.6747560221101949	0.2594318313163367	1.1939549735187185e-13
7.634836e-10	0.6285316959477903	0.7326632161292195	0.26106037409033034	1.1941984755274698e-13
7.684997e-10	0.5612790885991432	0.7848318161412785	0.2626876568735151	1.1944238034354998e-13
7.735167e-10	0.48970947268337917	0.8308567446016386	0.2643136438289446	1.1946256081496707e-13
7.785345e-10	0.41438344281640127	0.8703810585558911	0.26593829214077597	1.1947987883192438e-13
7.835530e-10	0.3358914653082113	0.9030989642013204	0.2675615525287681	1.194938717491423e-13
7.885720e-10	0.2548491700524864	0.9287584259673585	0.26918337006247933	1.1950414649125776e-13
7.935913e-10	0.17189237923013787	0.9471633301669219	0.2708036852587291	1.19510400123997e-13
7.986108e-10	0.08767191887539194	0.958175167342973	0.2724224354343314	1.1951243805866027e-13
8.036303e-10	0.002848266402714434	0.9617142033759594	0.2740395562750808	1.195101890824453e-13
8.086496e-10	-0.08191390686581579	0.9577601170929021	0.2756549835721615	1.1950371651870296e-13
8.136685e-10	-0.1659512347679543	0.9463520912404572	0.27726865506905857	1.1949322495949662e-13
8.186870e-10	-0.24860713115599553	0.9275883538328359	0.2788805123562329	1.1947906219415668e-13
8.237047e-10	-0.3292371745415388	0.9016251775368243	0.28049050274758724	1.1946171615959777e-13
8.287217e-10	-0.40721433865476964	0.8686753553260973	0.28209858107235625	1.194418069489313e-13
8.337378e-10	-0.4819340094002296	0.8290061805313185	0.2837047113184662	1.1942007412340918e-13
8.387530e-10	-0.5528187350446329	0.7829369680792552	0.28530886806847644	1.1939735976493053e-13
8.437672e-10	-0.6193226644361411	0.730836160692019	0.28691103767660847	1.1937458786198063e-13
8.487805e-10	-0.6809356371318182	0.6731180687751743	0.28851121914453254	1.1935274074875477e-13
8.537929e-10	-0.7371868989434546	0.6102392954794112	0.29010942466408207	1.1933283339334894e-13
8.588045e-10	-0.7876484260218358	0.5426948989571697	0.29170567980619067	1.193158863681093e-13
8.638155e-10	-0.8319378496413797	0.47101434228581995	0.29330002334662963	1.193028983343764e-13
8.688261e-10	-0.8697209818426962	0.39575727816056977	0.29489250673001777	1.1929481883413068e-13
8.738364e-10	-0.9007139486640791	0.31750921064043414	0.2964831931837811	1.1929252212635222e-13
8.788467e-10	-0.9246849425813134	0.23687707039959735	0.2980721565029134	1.192967827295993e-13
8.838574e-10	-0.941455608842406	0.15448473356382803	0.2996594795344999	1.1930825325259135e-13
8.888687e-10	-0.95090208161105	0.07096850777277222	0.30124525239790517	1.1932744501595327e-13
8.938810e-10	-0.9529556853128734	-0.013027396949602758	0.30282957048245623	1.1935471190110958e-13
8.988946e-10	-0.9476033144982545	-0.09685540020694457	0.3044125322694105	1.1939023779695582e-13
9.039098e-10	-0.9348875021619768	-0.17986907796026189	0.3059942370291722	1.1943402796617052e-13
9.089271e-10	-0.9149061821232606	-0.2614276785548255	0.3075747824482264	1.194859046103266e-13
9.139467e-10	-0.8878121461487943	-0.3409006237711606	0.30915426224314885	1.1954550686804592e-13
9.189690e-10	-0.8538121914110187	-0.4176719900662256	0.31073276382131415	1.1961229543951342e-13
9.239942e-10	-0.8131659490509463	-0.4911449628796913	0.31231036604951234	1.196855619660731e-13
9.290226e-10	-0.7661843805049305	-0.5607462529304094	0.31388713719230577	1.197644432266534e-13
9.340544e-10	-0.713227925294212	-0.6259304579958882	0.315463133081461	1.1984794009997017e-13
9.390898e-10	-0.6547042825731517	-0.6861843470315865	0.3170383955756939	1.199349411166971e-13
9.441288e-10	-0.5910658092374966	-0.7410310360384925	0.3186129513659824	1.2002425025715793e-13
9.491717e-10	-0.522806520074823	-0.7900340173160639	0.3201868111754373	1.2011461846312824e-13
9.542184e-10	-0.4504586804390082	-0.8328009962246496	0.32175996939392393	1.202047781197951e-13
9.592688e-10	-0.3745889892470332	-0.8689874829619717	0.3233324041761096	1.2029347954792314e-13
9.643229e-10	-0.2957943595384774	-0.8983000817949313	0.3249040780175615	1.2037952834521075e-13
9.693806e-10	-0.2146973150311972	-0.9204994172997973	0.32647493880714396	1.2046182224450787e-13
9.744416e-10	-0.13194103347496658	-0.9354026369811277	0.3280449213359508	1.2053938604169122e-13
9.795057e-10	-0.04818408041165113	-0.9428854325270379	0.32961394922421616	1.206114031086425e-13
9.845728e-10	0.03590511066173144	-0.9428835280641941	0.331181937209122	1.2067724205620852e-13
9.896424e-10	0.11965394466548948	-0.9353935929886765	0.33274879371940963	1.2073647726076755e-13
9.947145e-10	0.20239148190571926	-0.9204735488826611	0.33431442364840586	1.2078890221005545e-13
9.997886e-10	0.2834542837417143	-0.8982422540373509	0.33587873122657014	1.2083453494600483e-13
1.004864e-09	0.3621922025379243	-0.8688785643361653	0.3374416228888359	1.2087361526017353e-13
1.009942e-09	0.43797403264882034	-0.8326197847247317	0.3390030100312853	1.209065937078188e-13
1.015020e-09	0.5101929439629925	-0.7897595401863328	0.34056281155617474	1.2093411290083984e-13
1.020100e-09	0.5782716275496437	-0.7406451081043942	0.34212095611364735	1.2095698190761765e-13
1.025181e-09	0.6416670935740617	-0.6856742643393561	0.343677383961906	1.2097614488147764e-13
1.030262e-09	0.6998750740460189	-0.6252917027256619	0.3452320483841581	1.2099264525417764e-13
1.035344e-09	0.7524339962050065	-0.5599850917304982	0.3467849166191486	1.2100758695338912e-13
1.040427e-09	0.7989285054830423	-0.4902808327222104	0.34833597028134805	1.2102209413361715e-13
1.045510e-09	0.8389925291532694	-0.41673958194668465	0.34988520526581696	1.2103727086880486e-13
1.050594e-09	0.8723118822484837	-0.3399515933934479	0.3514326311504993	1.2105416213894864e-13
1.055679e-09	0.8986264255871235	-0.2605319328918303	0.3529782701246024	1.210737173084963e-13
1.060764e-09	0.9177317914575144	-0.17911560573596164	0.35452215548540966	1.2109675710600837e-13
1.065851e-09	0.9294806955767624	-0.09635263164368851	0.35606432975724156	1.2112394496546012e-13
1.070939e-09	0.9337838544463325	-0.01290309262023408	0.3576048424954338	1.2115576341070353e-13
1.076028e-09	0.9306105254239448	0.07056782803639915	0.35914374784533654	1.2119249603889523e-13
1.081119e-09	0.9199886831074877	0.15339480324782673	0.36068110193176317	1.2123421553205269e-13
1.086212e-09	0.9020048404684405	0.2349173078876135	0.3622169601583276	1.21280778031987e-13
1.091306e-09	0.876803517138928	0.31448454633413997	0.3637513744988681	1.21331824123931e-13
1.096403e-09	0.8445863509540341	0.3914603550459146	0.3652843908648102	1.2138678658690604e-13
1.101503e-09	0.8056108429085114	0.46522807065025973	0.3668160466327428	1.2144490496659115e-13
1.106605e-09	0.7601887207339817	0.5351953491426645	0.36834636841550844	1.2150524690416194e-13
1.111709e-09	0.7086839029425567	0.6007989149965985	0.3698753701573208	1.215667359861068e-13
1.116816e-09	0.6515100439609532	0.6615092107137215	0.3714030516284248	1.216281856824652e-13
1.121926e-09	0.5891276423459583	0.7168349081821032	0.37292939738702324	1.2168833868885045e-13
1.127038e-09	0.5220406983346059	0.7663272338747299	0.37445437626528294	1.2174591071036258e-13
1.132152e-09	0.45079291426108853	0.8095840512363219	0.37597794142180657	1.2179963742402816e-13
1.137269e-09	0.37596344155416556	0.8462536364595538	0.3775000309850697	1.218483230670257e-13
1.142388e-09	0.2981621907349189	0.8760380791211758	0.37902056929121186	1.2189088883463661e-13
1.147508e-09	0.21802473541188003	0.8986962376204429	0.38053946869600797	1.2192641909277624e-13
1.152629e-09	0.13620685680824204	0.9140461816382741	0.3820566319158852	1.2195420332434538e-13
1.157630e-09	0.055357441006121846	0.9218653745163401	0.38353589791974063	1.2197340342914042e-13
1.162631e-09	-0.025823308450509955	0.92254967774406	0.3850133099452546	1.2198458268910635e-13
1.167632e-09	-0.1067017510913344	0.9161010691948184	0.3864887674100674	1.2198781010160927e-13
1.172634e-09	-0.1866474111114065	0.9025785819435103	0.38796217256615595	1.2198342098153976e-13
1.177635e-09	-0.26503838094981547	0.8820976461749821	0.3894334336392506	1.219720139679441e-13
1.182636e-09	-0.34126659505009443	0.8548288552285649	0.3909024678504036	1.2195443839232097e-13
1.187757e-09	-0.41649580165501127	0.820091216368459	0.3924049490501497	1.2193116652726768e-13
1.192878e-09	-0.4882298413318395	0.7787621626138163	0.3939049582248726	1.2190392918234373e-13
1.197997e-09	-0.5558923497018056	0.7311912171426729	0.3954024525928262	1.21874279333138e-13
1.203115e-09	-0.6189426618555469	0.6777775652636558	0.39689740911278454	1.2184390019217017e-13
1.208232e-09	-0.6768799238556349	0.6189661667067892	0.3983898256149283	1.2181455372866592e-13
1.213348e-09	-0.7292467145719169	0.5552435841948736	0.399879721286908	1.2178802719786576e-13
1.218462e-09	-0.7756321768228115	0.48713360385803683	0.4013671365089425	1.217660795899982e-13
1.223576e-09	-0.8156746707742321	0.4151927156840337	0.4028521320537662	1.2175038970407056e-13
1.228689e-09	-0.8490639735559183	0.3400055121262395	0.4043347876861555	1.2174250728743653e-13
1.233803e-09	-0.8755430566456424	0.26218005117927234	0.4058152002121649	1.2174380841336045e-13
1.238916e-09	-0.8949094765831965	0.18234321765230604	0.40729348104013774	1.2175545599421263e-13
1.244030e-09	-0.9070164150919394	0.1011361039436984	0.4087697533243576	1.217783661055722e-13
1.249146e-09	-0.9117734019910001	0.019209420162463096	0.41024414876848636	1.2181318062142574e-13
1.254263e-09	-0.9091467488092115	-0.06278106636077847	0.41171680417034723	1.2186024654248701e-13
1.259382e-09	-0.8991597133007836	-0.1441790697339956	0.41318785779290795	1.219196023412072e-13
1.264382e-09	-0.8823872027195176	-0.22244332000945674	0.4146224714845965	1.2198913665389836e-13
1.269385e-09	-0.8588032257053227	-0.2989223693706172	0.41605580948712756	1.2206957493471744e-13
1.274392e-09	-0.8285850118628822	-0.3730290352086361	0.41748798426721356	1.2216009503644585e-13
1.279402e-09	-0.791959761550256	-0.4441919929099284	0.41891909662841553	1.2225961332065193e-13
1.284417e-09	-0.7492035782755246	-0.511859864305637	0.4203492329149233	1.2236680719986942e-13
1.289436e-09	-0.7006400975638497	-0.5755053277074821	0.4217784625440498	1.2248014508043914e-13
1.294460e-09	-0.64663877809297	-0.6346292340198941	0.42320683594875086	1.2259792359743466e-13
1.299489e-09	-0.5876128197689274	-0.6887647020651799	0.4246343830076342	1.227183117622409e-13
1.304523e-09	-0.5240166754209575	-0.7374811541282268	0.4260611120326111	1.2283940131406727e-13
1.309562e-09	-0.4563431282510313	-0.780388240631223	0.42748700937287776	1.2295926215030603e-13
1.314606e-09	-0.385119916187105	-0.817139591731718	0.4289120396777853	1.230760012855036e-13
1.319654e-09	-0.310905896691707	-0.8474363245252543	0.43033614684041266	1.2318782337240848e-13
1.324707e-09	-0.2342867608850094	-0.8710302284430782	0.43175925561869505	1.2329309044163065e-13
1.329764e-09	-0.1558703232349915	-0.8877265492675771	0.43318127390285344	1.233903782781543e-13
1.334825e-09	-0.07628143142181955	-0.8973862946066895	0.43460209556824964	1.2347852675905254e-13
1.339889e-09	0.0038434410576334514	-0.8999279909858768	0.4360216038236638	1.2355668157722226e-13
1.344956e-09	0.08386184087548224	-0.8953288348056807	0.43743967493870206	1.236243250956394e-13
1.350026e-09	0.16313112793887397	-0.8836251956746092	0.4388561822128054	1.2368129458653494e-13
1.355098e-09	0.24101431563336084	-0.8649124500136973	0.440271000034168	1.2372778678071847e-13
1.360171e-09	0.31688585519871715	-0.8393441439397389	0.44168400787106205	1.2376434842673863e-13
1.365246e-09	0.39013726361572676	-0.8071305056649845	0.4430950940412449	1.2379185335142164e-13
1.370322e-09	0.46018250215166956	-0.7685363473780491	0.44450415911691465	1.2381146726115095e-13
1.375399e-09	0.5264630250976908	-0.7238784133389295	0.44591111884197493	1.2382460213474235e-13
1.380476e-09	0.5884524341007641	-0.6735222436013024	0.4473159064633781	1.238328625121627e-13
1.385553e-09	0.6456606914459423	-0.617878630677244	0.44871847440679513	1.238379862233445e-13
1.390630e-09	0.6976378641966949	-0.5573997493682872	0.45011879525659054	1.2384178215047624e-13
1.395708e-09	0.7439773888370024	-0.49257503814431025	0.45151686202888064	1.2384606749092779e-13
1.400786e-09	0.7843188617715297	-0.42392690448009007	0.4529126877526622	1.238526067261007e-13
1.405864e-09	0.8183503738206752	-0.35200631734845583	0.4543063043964277	1.2386305415194186e-13
1.410943e-09	0.8458104161201024	-0.27738833865885065	0.4556977611957531	1.2387890146071828e-13
1.416022e-09	0.8664893903543187	-0.20066763289792688	0.45708712245100913	1.2390143148218554e-13
1.421103e-09	0.8802307580688516	-0.12245398159314658	0.45847446487402094	1.2393167888641674e-13
1.426185e-09	0.8869318621949145	-0.043367817387642865	0.45985987456886646	1.239703983938191e-13
1.431268e-09	0.8865444493375567	0.035964217764164884	0.4612434437359301	1.24018040863499e-13
1.436354e-09	0.8790749143904559	0.11491369390178455	0.4626252671906923	1.2407473753483996e-13
1.441442e-09	0.86458428028719	0.1928548030341169	0.46400543879027284	1.2414029265439088e-13
1.446534e-09	0.8431879158615242	0.26916876962354364	0.4653840478620288	1.2421418471873305e-13
1.451628e-09	0.8150549845764101	0.3432482730451556	0.466761175729801	1.242955765734902e-13
1.456726e-09	0.7804076070215565	0.41450189003732746	0.46813689243464995	1.2438333459607387e-13
1.461827e-09	0.7395197113166633	0.4823585587281807	0.46951125374775765	1.2447605713371353e-13
1.466933e-09	0.6927155386418793	0.5462720566545125	0.4708842985729508	1.2457211222639782e-13
1.472042e-09	0.6403677667850246	0.6057254737019768	0.4722560468339989	1.2466968441194657e-13
1.477156e-09	0.5828952135256117	0.6602356477056613	0.4736264979365256	1.2476683007072552e-13
1.482273e-09	0.5207600844398529	0.7093575163798157	0.47499562988479904	1.2486154031200013e-13
1.487394e-09	0.45446473668368836	0.7526883253318077	0.47636339911901776	1.2495180988700778e-13
1.492519e-09	0.3845479415967019	0.7898716193564359	0.47772974111832406	1.2503571003148887e-13
1.497522e-09	0.3133919890118924	0.8199303203125533	0.47906130198057456	1.251097246217262e-13
1.502528e-09	0.2398878325791114	0.8436100980556297	0.4803913303121396	1.2517453588107577e-13
1.507536e-09	0.16461118498527835	0.8607260134980179	0.48171971878422426	1.252289576709912e-13
1.512546e-09	0.08815315208840108	0.8711459381719576	0.48304634993277684	1.2527211710784826e-13
1.517557e-09	0.011115056854379345	0.8747920285818108	0.48437109971678116	1.2530349622622237e-13
1.522570e-09	-0.06589692452195439	0.8716416051079224	0.4856938414098254	1.25322961021068e-13
1.527583e-09	-0.1422772212717603	0.8617274035966273	0.48701444968070695	1.2533077610891785e-13
1.532596e-09	-0.21742632204192294	0.845137187875901	0.48833280470651963	1.2532760403427113e-13
1.537609e-09	-0.2907561238447291	0.822012732789213	0.48964879615822404	1.2531448913257123e-13
1.542621e-09	-0.3616950803050337	0.7925482082773452	0.4909623269045243	1.2529282675575028e-13
1.547632e-09	-0.42969306352777636	0.7569880139213375	0.49227331629445786	1.2526431947682355e-13
1.552642e-09	-0.4942258682840206	0.715624128771691	0.4935817029010131	1.2523092254302828e-13
1.557651e-09	-0.5547993047116248	0.6687930521875071	0.49488744663530915	1.2519478128324795e-13
1.562658e-09	-0.6109528448520757	0.6168724172272678	0.49619053017096487	1.2515816337703381e-13
1.567663e-09	-0.6622628075630951	0.5602773588021818	0.4974909596488145	1.2512338886035947e-13
1.572668e-09	-0.7083450842462473	0.49945671471335706	0.4987887646608703	1.2509276052237552e-13
1.577671e-09	-0.7488574232573443	0.4348891295940121	0.5000839975377469	1.2506849697249842e-13
1.582673e-09	-0.7835013030000013	0.36707912065634	0.5013767319845113	1.2505267021961014e-13
1.587675e-09	-0.8120234320744288	0.29655315108980046	0.5026670611257271	1.2504714913069089e-13
1.592677e-09	-0.8342169193271204	0.22385574305836828	0.5039550950314468	1.2505354971194815e-13
1.597680e-09	-0.8499221573634611	0.14954564848643764	0.505240957802721	1.250731927901824e-13
1.602683e-09	-0.8590274603900504	0.07419208304754009	0.5065247842987421	1.2510706941558583e-13
1.607689e-09	-0.8614694916266622	-0.0016289823484460834	0.5078067165891059	1.2515581414681865e-13
1.612696e-09	-0.8572335075248789	-0.0773384872244407	0.5090869002149125	1.252196863234922e-13
1.617706e-09	-0.8463534362395098	-0.15235792542684382	0.5103654803424724	1.252985594538728e-13
1.622720e-09	-0.8289117968193487	-0.2261129919179262	0.5116425978939227	1.2539191893122463e-13
1.627738e-09	-0.8050394540212465	-0.2980372578026913	0.5129183857404852	1.2549886839013556e-13
1.632760e-09	-0.7749151921257504	-0.36757589652943995	0.5141929650464792	1.2561814512063672e-13
1.637787e-09	-0.7387650802917761	-0.43418947875628444	0.5154664418551723	1.2574814498833566e-13
1.642820e-09	-0.6968615925187646	-0.4973578449710858	0.5167389040104575	1.258869572763756e-13
1.647858e-09	-0.6495224379120537	-0.5565840538173055	0.5180104185101657	1.260324097028686e-13
1.652902e-09	-0.5971090524127584	-0.6113983906147199	0.5192810293862736	1.2618212355696473e-13
1.657952e-09	-0.5400247021736395	-0.6613624053866192	0.520550756202983	1.263335784575545e-13
1.663009e-09	-0.47871215194992756	-0.7060729336771251	0.5218195932542659	1.2648418563928965e-13
1.668071e-09	-0.41365085964905646	-0.7451660376644291	0.5230875095269351	1.266313679788256e-13
1.673139e-09	-0.3453536706590611	-0.7783207908569717	0.5243544494729598	1.2677264424645335e-13
1.678213e-09	-0.2743630024606958	-0.8052628184199394	0.5256203346058141	1.26905714361544e-13
1.683291e-09	-0.20124653055329425	-0.8257674983133878	0.5268850659010091	1.2702854188569543e-13
1.688375e-09	-0.1265924096249687	-0.8396627271194296	0.5281485269426641	1.2713942964829144e-13
1.693462e-09	-0.051004087481250626	-0.8468311594831508	0.5294105877186699	1.2723708440084958e-13
1.698553e-09	0.02490520847469224	-0.847211841712406	0.5306711089301024	1.2732066674403917e-13
1.703647e-09	0.10051821349074272	-0.840801177814398	0.5319299466495095	1.2738982328762612e-13
1.708744e-09	0.1752194840102408	-0.8276531889373748	0.533186957140719	1.2744469903268684e-13
1.713843e-09	0.24840125297804097	-0.8078790530763783	0.5344420016422304	1.2748592920154209e-13
1.718943e-09	0.31946916262323105	-0.781645938832594	0.5356949509182669	1.2751461105568875e-13
1.724044e-09	0.3878477629900341	-0.7491751726951413	0.5369456893958937	1.2753225748517836e-13
1.729145e-09	0.4529856785417055	-0.7107398016142724	0.5381941187317221	1.2754073518863609e-13
1.734247e-09	0.5143603642560277	-0.6666616298562509	0.5394401606849583	1.275421910046011e-13
1.739349e-09	0.5714823948830686	-0.6173078201866619	0.5406837592115229	1.275389703331679e-13
1.744450e-09	0.6238992543996195	-0.5630871539273004	0.5419248817333007	1.2753353161725434e-13
1.749551e-09	0.6711986152120523	-0.5044460426462244	0.5431635195739742	1.2752836058239198e-13
1.754652e-09	0.7130111166741537	-0.4418643769929841	0.5443996875859484	1.2752588743002012e-13
1.759753e-09	0.7490126687746503	-0.3758512866794965	0.5456334230199272	1.2752840954765813e-13
1.764855e-09	0.7789263186659977	-0.30694087122485314	0.546864783709067	1.2753802162805973e-13
1.769957e-09	0.8025237247754677	-0.23568794523541114	0.5480938456534784	1.2755655446297153e-13
1.775059e-09	0.8196262856689829	-0.16266382598236884	0.5493207000989901	1.2758552314868854e-13
1.780164e-09	0.830105969031069	-0.08845217597422231	0.5505454502077144	1.276260850486593e-13
1.785270e-09	0.8338858806734731	-0.013644899981076037	0.5517682074185972	1.27679007619912e-13
1.790378e-09	0.8309406050859711	0.06116191478449894	0.5529890875950932	1.2774464610736132e-13
1.795489e-09	0.8212963384352148	0.1353720344272702	0.5542082070557339	1.278229311312455e-13
1.800604e-09	0.8050308228455081	0.20839311370539165	0.5554256785825228	1.2791336629056735e-13
1.805722e-09	0.7822730780021412	0.2796407556673145	0.5566416075024122	1.2801503605108045e-13
1.810845e-09	0.7532029133510325	0.34854261786656826	0.5578560879386691	1.2812662431816107e-13
1.815973e-09	0.718050192198914	0.41454258145814693	0.5590691993314588	1.2824644417329027e-13
1.820976e-09	0.6781859262392061	0.4755869804210865	0.5602507237880403	1.2836927050560792e-13
1.825985e-09	0.6331065161960906	0.5328895964789254	0.5614310439533756	1.2849588380109158e-13
1.830999e-09	0.5831556654708547	0.5860027793622123	0.5626101780176095	1.286239691219506e-13
1.836018e-09	0.5287167261550095	0.6345089252659843	0.5637881226504637	1.2875108591086283e-13
1.841041e-09	0.47021037830103274	0.6780242736620017	0.5649648524139483	1.2887474342913417e-13
1.846070e-09	0.40809186164044897	0.7162026044776011	0.5661403198875111	1.2899248297339898e-13
1.851103e-09	0.3428477393581429	0.748738762861875	0.5673144565451155	1.291019643344934e-13
1.856140e-09	0.2749921896058858	0.7753719289486399	0.5684871743972997	1.292010532384155e-13
1.861180e-09	0.20506283981828338	0.795888544370999	0.5696583683793937	1.2928790591973739e-13
1.866224e-09	0.1336161803911351	0.8101248068879001	0.5708279194315269	1.293610466036474e-13
1.871270e-09	0.061222616297982486	0.8179686500826837	0.5719956981792275	1.294194336274351e-13
1.876318e-09	-0.011538764120812926	0.8193611368881373	0.5731615690884578	1.2946251025261338e-13
1.881368e-09	-0.08408560661018773	0.8142972132391311	0.5743253949391248	1.2949023692260895e-13
1.886418e-09	-0.1558377858362488	0.8028257903436189	0.5754870414395088	1.2950310277151762e-13
1.891469e-09	-0.22622286290373095	0.7850491492030787	0.5766463817931767	1.2950211547329706e-13
1.896519e-09	-0.29468139214290234	0.7611216870136099	0.5778033010309629	1.294887699129011e-13
1.901569e-09	-0.36067197213297275	0.7312480497104079	0.5789576999336281	1.2946499749789075e-13
1.906617e-09	-0.42367595059663804	0.695680716103737	0.5801094983944209	1.294330990675304e-13
1.911665e-09	-0.4832017123153423	0.6547171151319713	0.5812586381025147	1.293956651738628e-13
1.916710e-09	-0.5387885017128983	0.6086963676672056	0.5824050844650315	1.2935548795360798e-13
1.921754e-09	-0.5900097551984199	0.5579957476837688	0.5835488277235523	1.2931546885984287e-13
1.926797e-09	-0.6364759408073122	0.503026954734748	0.5846898832575546	1.292785262329519e-13
1.931838e-09	-0.6778369224904071	0.4442322814206579	0.5858282910994747	1.292475061482077e-13
1.936878e-09	-0.7137838823741834	0.38208074709771594	0.5869641147123809	1.2922509926198452e-13
1.941918e-09	-0.7440508457399705	0.3170642538614831	0.58809743910078	1.2921376563497336e-13
1.946957e-09	-0.7684158601032522	0.2496938042633725	0.5892283683380016	1.292156688000911e-13
1.951997e-09	-0.7867018817601767	0.1804958035552652	0.5903570226006768	1.292326197410665e-13
1.957038e-09	-0.7987774209353612	0.11000845358595306	0.5914835348033619	1.2926603101548982e-13
1.962080e-09	-0.8045569908157695	0.03877823162896265	0.5926080469257943	1.293168809853733e-13
1.967124e-09	-0.804001396974433	-0.03264356398485552	0.5937307061231777	1.2938568802578377e-13
1.972172e-09	-0.7971178926773235	-0.10370422810613729	0.5948516607075862	1.29472494625932e-13
1.977223e-09	-0.7839602130111539	-0.17385305496863757	0.5959710560871039	1.29576861450874e-13
1.982279e-09	-0.7646284873312972	-0.24254477054803597	0.5970890307493956	1.2969787164708375e-13
1.987340e-09	-0.7392690158618792	-0.3092430239547414	0.5982057123782218	1.2983414588779186e-13
1.992406e-09	-0.7080738830617619	-0.37342396594483085	0.5993212141947521	1.2998386882725988e-13
1.997479e-09	-0.6712803683275816	-0.43457993439572096	0.6004356316197407	1.301448276865814e-13
2.002558e-09	-0.6291701045379441	-0.4922232550428655	0.6015490393564922	1.3031446359858464e-13
2.007643e-09	-0.5820679277152558	-0.5458901512260984	0.6026614889966135	1.3048993602567528e-13
2.012736e-09	-0.5303403575880025	-0.5951447393960977	0.6037730072490656	1.3066820004646695e-13
2.017835e-09	-0.474393649924696	-0.639583068528792	0.6048835948861727	1.3084609553095125e-13
2.022941e-09	-0.4146713678648484	-0.678837142564861	0.60599322648646	1.3102044629930078e-13
2.028054e-09	-0.35165143147282296	-0.7125788470170835	0.6071018510323606	1.3118816628641284e-13
2.033174e-09	-0.2858426223053869	-0.7405236856879357	0.6082093933907431	1.3134636869013388e-13
2.038299e-09	-0.21778054225157725	-0.7624342227985265	0.6093157566666203	1.3149247317336255e-13
2.043430e-09	-0.14802305195747995	-0.778123121385518	0.6104208253774206	1.3162430559362937e-13
2.048434e-09	-0.07897180925851892	-0.7872965535915527	0.6114961897226338	1.3173742305632353e-13
2.053442e-09	-0.009399746446031264	-0.7903603937593785	0.6125700717005935	1.318343486640538e-13
2.058453e-09	0.06014465968321768	-0.7872901006959623	0.6136423365917083	1.3191458427688937e-13
2.063467e-09	0.12911243297751096	-0.7781118767017625	0.6147128492119627	1.3197819527019192e-13
2.068483e-09	0.19695927586598846	-0.7629024934791087	0.6157814783620111	1.3202580518635269e-13
2.073501e-09	0.26315066787314284	-0.741788478062244	0.616848101084877	1.3205856759869326e-13
2.078519e-09	0.32716677897719215	-0.7149446897381212	0.617912606562571	1.3207811708660464e-13
2.083538e-09	0.38850710409835454	-0.682592340894663	0.6189748995048623	1.320865024611027e-13
2.088558e-09	0.44669474217587757	-0.644996532146139	0.6200349029142479	1.3208610627311458e-13
2.093577e-09	0.5012802638604561	-0.6024633837789029	0.6210925601467674	1.3207955510370321e-13
2.098596e-09	0.5518451338509446	-0.5553368510420861	0.6221478362251958	1.320696251936597e-13
2.103614e-09	0.5980046754372521	-0.503995310241639	0.6232007183962652	1.3205914764415936e-13
2.108632e-09	0.639410584242447	-0.44884799669613895	0.6242512159544388	1.3205091683016497e-13
2.113650e-09	0.675753014258903	-0.3903313654823547	0.6252993593797191	1.320476049109169e-13
2.118668e-09	0.7067622712927087	-0.32890543283435314	0.6263451988554061	1.3205168451369012e-13
2.123686e-09	0.7322101565580388	-0.2650501413930806	0.6273888022436809	1.3206536089823387e-13
2.128705e-09	0.7519110064752779	-0.19926177745466137	0.628430252603217	1.3209051427755566e-13
2.133725e-09	0.7657224740772934	-0.13204945397450735	0.629469645334851	1.321286524740245e-13
2.138747e-09	0.7735460933540825	-0.06393166016001431	0.6305070850401457	1.3218087379431415e-13
2.143771e-09	0.7753276609881384	0.004567132372635637	0.6315426821748099	1.3224783987312562e-13
2.148798e-09	0.7710574608983621	0.07291982528688755	0.6325765495757021	1.323297582511086e-13
2.153828e-09	0.7607703464484331	0.1406000351127248	0.6336087989375083	1.3242637459152568e-13
2.158862e-09	0.7445456836893836	0.20708544752712618	0.6346395373138979	1.32536974639358e-13
2.163901e-09	0.722507147179662	0.2718612108657847	0.635668863718285	1.3266039625878878e-13
2.168945e-09	0.6948223483474234	0.3344233921071798	0.6366968659012696	1.3279505208379665e-13
2.173993e-09	0.661702265647291	0.3942825122507721	0.6377236173848839	1.329389634374403e-13
2.179048e-09	0.6234004365861743	0.45096716877057724	0.6387491748372104	1.3308980616550525e-13
2.184108e-09	0.5802118647751123	0.5040277408915081	0.639773575873519	1.3324496884823743e-13
2.189174e-09	0.5324715912682538	0.5530401592183305	0.6407968373704861	1.334016234655125e-13
2.194246e-09	0.48055287932403545	0.597609705389841	0.6418189543767358	1.3355680798163618e-13
2.199324e-09	0.42486496602034135	0.6373747908487182	0.6428398996943853	1.3370751950896184e-13
2.204408e-09	0.3658503433142481	0.6720106477081073	0.6438596241913115	1.3385081574269633e-13
2.209497e-09	0.3039815452592841	0.7012328504886269	0.644878057881777	1.3398392132500279e-13
2.214591e-09	0.2397574368201935	0.7248005767540833	0.6458951117839175	1.341043348147735e-13
2.219688e-09	0.1736990221396277	0.7425195089202135	0.6469106805275533	1.3420993115488483e-13
2.224790e-09	0.10634481473820816	0.75424428001921	0.6479246456468527	1.3429905407841555e-13
2.229895e-09	0.03824583699401157	0.7598803737687044	0.6489368794526641	1.3437059291557285e-13
2.235002e-09	-0.03003966092889091	0.7593854040231637	0.6499472493424783	1.344240388138622e-13
2.240111e-09	-0.09795165406753131	0.7527697198763018	0.6509556223758948	1.3445951646703597e-13
2.245221e-09	-0.1649338468451965	0.7400963088211581	0.6519618699234966	1.3447778897796295e-13
2.250331e-09	-0.2304391034599953	0.7214799992737512	0.6529658721897351	1.3448023529449772e-13
2.255441e-09	-0.2939346835878917	0.6970859928360594	0.6539675224167106	1.344688015386444e-13
2.260550e-09	-0.35490717462929156	0.6671277832696332	0.6549667305950728	1.3444592928179946e-13
2.265659e-09	-0.4128670305890921	0.6318645409393311	0.6559634265384573	1.344144651833282e-13
2.270766e-09	-0.4673526513197925	0.591598056751399	0.6569575622156496	1.3437755730140488e-13
2.275872e-09	-0.5179339619159873	0.5466693474425599	0.6579491132760452	1.3433854369923083e-13
2.280976e-09	-0.5642154781113596	0.49745502442076334	0.6589380797450604	1.343008387975226e-13
2.286079e-09	-0.6058388674343912	0.44436352191735445	0.6599244859035153	1.3426782229090183e-13
2.291180e-09	-0.6424850359388764	0.38783126825784137	0.6609083793962177	1.3424273456700388e-13
2.296281e-09	-0.6738757854460954	0.3283188681910664	0.6618898296386985	1.3422858152287162e-13
2.301382e-09	-0.6997750959157122	0.2663073461262039	0.6628689256069966	1.3422805067188647e-13
2.306483e-09	-0.7199900918272972	0.20229448139297343	0.6638457731043168	1.3424343954516977e-13
2.311584e-09	-0.7343717507153306	0.13679124861630157	0.664820491601525	1.3427659671243307e-13
2.316688e-09	-0.7428154069242312	0.07031836003767537	0.6657932107476019	1.3432887530605165e-13
2.321794e-09	-0.7452610950221645	0.00340289289086321	0.6667640666430198	1.3440109873286966e-13
2.326903e-09	-0.7416937659475745	-0.06342502573584365	0.6677331979652592	1.3449353827319038e-13
2.332015e-09	-0.7321433956440092	-0.12963551141508067	0.6687007420326451	1.3460590244579457e-13
2.337133e-09	-0.7166849914052423	-0.19470223085134525	0.6696668308912855	1.3473733830744096e-13
2.342255e-09	-0.6954384861112828	-0.25810576488772247	0.6706315875105874	1.3488644517147546e-13
2.347384e-09	-0.6685684956990553	-0.31933706084435043	0.6715951221755516	1.3505130152054202e-13
2.352519e-09	-0.636283901340236	-0.3779010013938272	0.6725575291681679	1.352295060446142e-13
2.357526e-09	-0.5998863827865611	-0.431905893907708	0.6734935980059786	1.354131585001178e-13
2.362540e-09	-0.5588666960843791	-0.4825079465762312	0.6744287193607038	1.3560385951349616e-13
2.367561e-09	-0.5135340943517992	-0.5293086593757866	0.6753629224706408	1.3579843949090367e-13
2.372589e-09	-0.4642336199091655	-0.5719358147439635	0.6762962146568552	1.3599357782578673e-13
2.377624e-09	-0.4113442284790841	-0.6100470267847662	0.6772285809149032	1.361859031423873e-13
2.382666e-09	-0.35527646516841727	-0.643333248879431	0.6781599842099727	1.3637210199743436e-13
2.387715e-09	-0.2964696633545292	-0.671522161084637	0.6790903665070438	1.3654903225174082e-13
2.392770e-09	-0.2353886559514205	-0.6943813473380693	0.680019650538388	1.3671383629723764e-13
2.397832e-09	-0.17252001060596886	-0.7117211660681731	0.6809477422762161	1.3686404857554733e-13
2.402898e-09	-0.1083678246720499	-0.7233972175798836	0.6818745340409261	1.3699769147530424e-13
2.407969e-09	-0.04344914035571127	-0.7293123183167719	0.682799908138369	1.371133538825992e-13
2.413044e-09	0.02171093703535596	-0.7294179058408581	0.6837237408864665	1.3721024741899567e-13
2.418122e-09	0.08658431652100375	-0.7237148183810482	0.6846459068659342	1.372882366999886e-13
2.423203e-09	0.1506450812346964	-0.7122534175550874	0.6855662832147522	1.3734784166300835e-13
2.428286e-09	0.21337461261773227	-0.6951330502238299	0.6864847537831756	1.3739021194501084e-13
2.433370e-09	0.27426656438944513	-0.6725008729045502	0.6874012129758196	1.374170752083437e-13
2.438455e-09	0.33283158248210626	-0.6445500872683289	0.6883155691286131	1.3743066298696452e-13
2.443540e-09	0.38860168419088414	-0.6115176558348285	0.6892277472985868	1.3743361887190215e-13
2.448625e-09	0.4411342312180985	-0.5736815815274255	0.6901376913803571	1.3742889456242323e-13
2.453709e-09	0.4900154548937423	-0.5313578424987137	0.6910453655009856	1.3741963946547984e-13
2.458794e-09	0.5348635154380567	-0.4848970745934418	0.6919507546812603	1.3740908917569899e-13
2.463878e-09	0.5753310987657443	-0.43468108867017585	0.6928538647835574	1.3740045744215647e-13
2.468961e-09	0.6111075725379898	-0.3811192999277812	0.6937547217924241	1.3739683526408874e-13
2.474045e-09	0.6419207370083818	-0.32464513281620333	0.694653370493058	1.374010997193092e-13
2.479129e-09	0.6675382152697086	-0.26571244955004036	0.6955498726249968	1.3741583412837883e-13
2.484214e-09	0.6877685318313995	-0.2047920340748535	0.6964443045943912	1.374432603247269e-13
2.489300e-09	0.7024619284157104	-0.1423681477380229	0.6973367548294911	1.374851831538991e-13
2.494388e-09	0.7115109620425916	-0.07893515880270863	0.6982273208619219	1.3754294692982048e-13
2.499478e-09	0.7148509235649554	-0.014994235979350562	0.6991161062124986	1.3761740339623223e-13
2.504572e-09	0.7124601055263691	0.04894991322249604	0.7000032171560823	1.3770889076272728e-13
2.509669e-09	0.7043599372223317	0.11239228501924299	0.7008887594364073	1.3781722355698004e-13
2.514770e-09	0.6906149927918375	0.17483083191363516	0.7017728349997002	1.379416933092156e-13
2.519877e-09	0.6713328656527993	0.2357697547739313	0.7026555388155998	1.3808108039555658e-13
2.524988e-09	0.6466638902225657	0.2947228610540011	0.703536955855456	1.3823367765600383e-13
2.530106e-09	0.6168006802611888	0.351217009725304	0.704417158301067	1.3839732660265074e-13
2.535230e-09	0.581977443026311	0.4047956543206437	0.7052962030605856	1.385694670859349e-13
2.540360e-09	0.5424690204926187	0.4550224833877939	0.7061741296715588	1.3874720112314958e-13
2.545497e-09	0.49858960398244256	0.5014851429912529	0.7070509586724804	1.389273711938112e-13
2.550501e-09	0.45203519252800467	0.542713069145527	0.7079030366475427	1.3910184814895613e-13
2.555512e-09	0.4020322962994021	0.5796876040207403	0.7087540578204283	1.3927236399289114e-13
2.560529e-09	0.348967041837773	0.6121145212805602	0.7096039857191226	1.3943584347552104e-13
2.565551e-09	0.2932525461367655	0.6397341720206406	0.7104527664337507	1.3958936238744389e-13
2.570579e-09	0.23532581681755874	0.6623243921517991	0.7113003300293755	1.397302552863879e-13
2.575611e-09	0.17564422777480312	0.6797031233927532	0.712146592563307	1.3985621986089436e-13
2.580648e-09	0.11468160150191824	0.6917306630138339	0.7129914586608993	1.3996541248249346e-13
2.585688e-09	0.05292395075146247	0.6983114625039528	0.7138348245724968	1.400565294064081e-13
2.590732e-09	-0.009135047636987127	0.6993954064839057	0.7146765816044922	1.4012886849998537e-13
2.595777e-09	-0.07099875696869049	0.6949785200347981	0.7155166197924006	1.4018236731821982e-13
2.600825e-09	-0.13217236130157056	0.6851030740381316	0.716354831666172	1.4021761476517447e-13
2.605873e-09	-0.19216761521368428	0.6698570824181365	0.7171911159498194	1.402358353103927e-13
2.610922e-09	-0.2505074570443731	0.6493732102171117	0.7180253810398934	1.4023884659233668e-13
2.615970e-09	-0.3067303884191556	0.6238271349747698	0.718857548120213	1.402289930082628e-13
2.621018e-09	-0.36039453745604977	0.5934354238570899	0.7196875537921967	1.4020905935245893e-13
2.626065e-09	-0.4110813422179035	0.558453003776616	0.72051535212874	1.4018216958144228e-13
2.631111e-09	-0.4583988128009188	0.5191703103938844	0.7213409160918475	1.4015167626471823e-13
2.636156e-09	-0.5019843528848563	0.4759102041330874	0.7221642382870914	1.401210462322248e-13
2.641200e-09	-0.5415071427090976	0.42902473759580545	0.7229853310585765	1.4009374744669005e-13
2.646243e-09	-0.5766701037209423	0.37889184995866937	0.7238042259543496	1.400731413026111e-13
2.651285e-09	-0.6072114794847916	0.3259120513752676	0.7246209726127552	1.4006238356581582e-13
2.656327e-09	-0.632906077267368	0.2705051454834142	0.7254356371347007	1.4006433615823837e-13
2.661370e-09	-0.6535662199070287	0.21310702222380837	0.7262483000154553	1.4008149105741992e-13
2.666413e-09	-0.6690424583872778	0.15416653751215506	0.7270590537133975	1.4011590683713695e-13
2.671459e-09	-0.6792240924641725	0.09414248185283261	0.727867999933237	1.4016915785649995e-13
2.676506e-09	-0.684039540383159	0.03350062746263429	0.7286752466991084	1.4024229581787666e-13
2.681556e-09	-0.683456589845647	-0.027289166606489963	0.7294809052898386	1.4033582335476899e-13
2.686610e-09	-0.677482551622128	-0.08775581917152449	0.730285087105786	1.4044967942231827e-13
2.691669e-09	-0.6661643251918333	-0.14742989362207706	0.7310879005347388	1.4058323650832212e-13
2.696732e-09	-0.6495883731201412	-0.20584650005099828	0.7318894478839564	1.4073530998085957e-13
2.701802e-09	-0.6278805881556622	-0.26254826432576833	0.7326898224465971	1.4090418018065976e-13
2.706877e-09	-0.6012060248547657	-0.31708839050066767	0.7334891057732398	1.4108762807278094e-13
2.711960e-09	-0.5697684565945376	-0.36903383468847256	0.7342873652222265	1.4128298531887047e-13
2.717050e-09	-0.533809709862912	-0.4179685972035801	0.7350846518651746	1.414871994721776e-13
2.722147e-09	-0.4936087215324852	-0.46349712576846086	0.7358809988248382	1.4169691454967223e-13
2.727252e-09	-0.4494802622741419	-0.5052478063929767	0.7366764201201595	1.4190856652898525e-13
2.732364e-09	-0.4017732711320177	-0.5428765010389466	0.7374709100863496	1.42118492299922e-13
2.737484e-09	-0.3508687531712847	-0.5760700735347659	0.7382644434250354	1.423230494123893e-13
2.742611e-09	-0.2971772043074604	-0.6045498288674441	0.7390569759202236	1.4251874263938145e-13
2.747745e-09	-0.24113554474506904	-0.628074777604734	0.7398484458301327	1.4270235213838614e-13
2.752885e-09	-0.18320356412316993	-0.6464446284684728	0.740638775933873	1.4287105699306146e-13
2.757888e-09	-0.12552305259702604	-0.6592125186050889	0.7414059742010846	1.430185883681954e-13
2.762896e-09	-0.06696112979036885	-0.6668560943351387	0.7421719184564193	1.4314827047438411e-13
2.767908e-09	-0.00797955771792637	-0.6693143256046697	0.7429365115533038	1.4325912997910428e-13
2.772924e-09	0.05095545446366012	-0.666569100866535	0.7436996540475066	1.4335083232094486e-13
2.777942e-09	0.10937767998126371	-0.6586455602403352	0.7444612475459088	1.4342369203938143e-13
2.782963e-09	0.16682531174539775	-0.6456118659327892	0.7452211979860968	1.4347865604039841e-13
2.787986e-09	0.22284530974319727	-0.6275784212216438	0.7459794187123445	1.4351726108777304e-13
2.793009e-09	0.2769975676370467	-0.6046965709325183	0.7467358332272622	1.4354156846356406e-13
2.798033e-09	0.32885881998528654	-0.5771568348672487	0.7474903775192722	1.435540800441325e-13
2.803058e-09	0.3780262279586842	-0.5451867396544484	0.7482430018919533	1.4355764087358716e-13
2.808082e-09	0.42412060034428267	-0.5090483231422297	0.7489936722494319	1.4355533362683107e-13
2.813107e-09	0.4667892262209262	-0.4690353885172093	0.7497423708198565	1.4355037018517736e-13
2.818131e-09	0.5057083143078733	-0.4254705831643333	0.7504890963243178	1.4354598497944432e-13
2.823155e-09	0.5405850502870939	-0.37870237067783785	0.751233863619769	1.4354533392294901e-13
2.828179e-09	0.571159296444361	-0.3291019544759702	0.7519767028607195	1.4355140178872966e-13
2.833204e-09	0.5972049672548818	-0.27706019935494486	0.7527176582354728	1.435669199336689e-13
2.838229e-09	0.6185311199358546	-0.2229845841997681	0.7534567863389074	1.435942954039925e-13
2.843256e-09	0.6349828006854641	-0.16729620597833383	0.7541941542460399	1.4363555177609283e-13
2.848284e-09	0.6464416857255998	-0.11042684291011258	0.7549298373499025	1.436922816100926e-13
2.853314e-09	0.6528265518797436	-0.052816073950998285	0.7556639170247624	1.437656101223457e-13
2.858347e-09	0.6540936048111301	0.005091557090763676	0.7563964781723753	1.438561696183756e-13
2.863384e-09	0.6502366847763035	0.06284935111067085	0.7571276067058246	1.4396408431794083e-13
2.868425e-09	0.6412873603423296	0.12001125947071897	0.7578573870230592	1.4408896541060553e-13
2.873470e-09	0.6273149104672296	0.17613471024551489	0.758585899521089	1.4422991645548488e-13
2.878521e-09	0.6084261851297692	0.23078347842128777	0.7593132182019532	1.4438554952418526e-13
2.883577e-09	0.5847653247998793	0.2835306201377854	0.7600394084229939	1.445540127212256e-13
2.888640e-09	0.5565133099796993	0.3339614851309989	0.7607645248462472	1.447330298585103e-13
2.893709e-09	0.523887304382486	0.3816768131403694	0.7614886096442048	1.449199530334934e-13
2.898784e-09	0.48713974967102003	0.4262959093884529	0.7622116910210233	1.4511182864594935e-13
2.903866e-09	0.4465571667018352	0.46745988168509534	0.7629337821083727	1.4530547692327141e-13
2.908955e-09	0.4024586185565518	0.5048349078214549	0.7636548802924362	1.4549758432955268e-13
2.914051e-09	0.3551937948384998	0.5381154875100912	0.7643749670220777	1.4568480730150636e-13
2.919153e-09	0.30514068513225256	0.567027619247802	0.7650940081370322	1.4586388466260649e-13
2.924261e-09	0.2527028222213435	0.5913318303800237	0.7658119547387457	1.4603175492045218e-13
2.929375e-09	0.19830609227907625	0.6108259796854861	0.7665287446053597	1.4618567355691237e-13
2.934494e-09	0.14239512895215603	0.6253477472855786	0.7672443041271475	1.4632332459098166e-13
2.939617e-09	0.08542932971473276	0.6347767276879611	0.7679585507110754	1.4644292023644192e-13
2.944744e-09	0.027878554336737416	0.6390360489302203	0.7686713955753439	1.465432825671208e-13
2.949875e-09	-0.02978141520780818	0.6380934541189877	0.7693827468293784	1.4662390178151688e-13
2.955008e-09	-0.08707355856483018	0.6319618004751724	0.7700925127145668	1.4668496692986126e-13
2.960142e-09	-0.1435243399171124	0.620698953910758	0.7708006048683718	1.4672736671708464e-13
2.965278e-09	-0.19866836239130695	0.6044070822276352	0.7715069414709325	1.4675266003378027e-13
2.970415e-09	-0.25205285064405536	0.5832313749754465	0.7722114501394393	1.4676301795097198e-13
2.975552e-09	-0.30324186944369175	0.5573582405558217	0.7729140704507932	1.4676114080144791e-13
2.980688e-09	-0.3518202028412413	0.5270130493436346	0.7736147559956904	1.467501554251133e-13
2.985824e-09	-0.3973968391898171	0.49245750400376503	0.774313475894824	1.4673349856200012e-13
2.990959e-09	-0.4396080297552057	0.45398672411997143	0.7750102157375496	1.4671479265824446e-13
2.996094e-09	-0.4781199108811599	0.4119261317638825	0.7757049779323557	1.466977200765987e-13
3.001228e-09	-0.5126306997992712	0.36662821840286286	0.7763977814844989	1.4668590096822698e-13
3.006362e-09	-0.5428724908035616	0.3184692627314202	0.7770886612375981	1.466827790422114e-13
3.011496e-09	-0.5686126907623885	0.26784605502497194	0.7777776666319982	1.466915183383995e-13
3.016631e-09	-0.5896551404481533	0.2151726679222869	0.778464860043325	1.46714912995652e-13
3.021767e-09	-0.6058409709988042	0.1608772975048912	0.7791503147703587	1.467553110842777e-13
3.026904e-09	-0.6170492433837549	0.10539918330569455	0.7798341127432346	1.4681455284751562e-13
3.032044e-09	-0.6231974136327506	0.049185602341725025	0.7805163420222103	1.4689392326559697e-13
3.037187e-09	-0.6242416585014328	-0.007311078926919075	0.7811970941550571	1.4699411867283067e-13
3.042333e-09	-0.6201770859143415	-0.06363631921844287	0.7818764614586653	1.4711522719150523e-13
3.047338e-09	-0.6113688118876155	-0.11775767969259389	0.7825351779469991	1.4725240621601807e-13
3.052347e-09	-0.5978381169600295	-0.17087627045920187	0.7831927515647981	1.474077971528249e-13
3.057361e-09	-0.5796862605116477	-0.22258523176032505	0.7838492546250359	1.4757985036408433e-13
3.062382e-09	-0.5570489639095176	-0.2724862335047179	0.7845047510103079	1.477665287077055e-13
3.067409e-09	-0.5300960489428062	-0.32019222580689843	0.7851592943015131	1.4796535354355838e-13
3.072444e-09	-0.4990308905078088	-0.36533028260942507	0.7858129261646825	1.481734648187479e-13
3.077485e-09	-0.46408964077014403	-0.40754453412533026	0.7864656750516238	1.4838769540904372e-13
3.082534e-09	-0.4255401794448622	-0.4464991711826277	0.7871175552681191	1.4860465927799952e-13
3.087590e-09	-0.3836807456462027	-0.4818814907426524	0.787768566458457	1.4882085218815912e-13
3.092653e-09	-0.338838211452601	-0.5134049377697157	0.788418693546314	1.490327626626031e-13
3.097724e-09	-0.2913659661677597	-0.5408120853410882	0.7890679071589157	1.4923698977252145e-13
3.102801e-09	-0.24164139315359762	-0.5638774836546013	0.7897161645440361	1.4943036324024065e-13
3.107885e-09	-0.1900629375642354	-0.582410300704809	0.7903634109682631	1.496100604266994e-13
3.112974e-09	-0.13704678235331447	-0.5962566740295158	0.7910095815613506	1.4977371422641755e-13
3.118069e-09	-0.08302317015837363	-0.605301694941826	0.7916546035471568	1.4991950580569832e-13
3.123168e-09	-0.028432428362539813	-0.6094709544431898	0.7922983987788416	1.500462366178658e-13
3.128272e-09	0.026279228056617938	-0.6087315933363413	0.7929408864770108	1.5015337519246427e-13
3.133379e-09	0.08066402809529861	-0.6030928170507374	0.7935819860564166	1.5024107575086438e-13
3.138488e-09	0.13427701521798835	-0.5926058569014768	0.7942216199211741	1.5031016758695885e-13
3.143599e-09	0.1866803598709131	-0.577363382058939	0.7948597161109185	1.5036211614303899e-13
3.148712e-09	0.23744752205410397	-0.5574983883808324	0.7954962106906232	1.5039895857161426e-13
3.153826e-09	0.28616718267873464	-0.5331826095363671	0.7961310497937546	1.5042321810042476e-13
3.158941e-09	0.3324468776425424	-0.504624510985398	0.7967641912501293	1.504378025428315e-13
3.164056e-09	0.37591628665887766	-0.47206693736030486	0.7973956057540463	1.5044589276631424e-13
3.169171e-09	0.41623014809675757	-0.4357844882535297	0.7980252775526352	1.504508268581293e-13
3.174287e-09	0.4530707897335645	-0.39608069655243955	0.7986532046569015	1.5045598519357256e-13
3.179402e-09	0.4861502819609594	-0.35328507798589487	0.7992793985971237	1.5046468075926727e-13
3.184518e-09	0.5152122335823385	-0.3077501114768797	0.7999038837592088	1.504800580582683e-13
3.189635e-09	0.5400332602859351	-0.25984819841095974	0.8005266963490486	1.505050028846516e-13
3.194753e-09	0.5604241619629867	-0.20996863620936937	0.8011478830381201	1.5054206429100823e-13
3.199872e-09	0.5762308473866588	-0.15851462870097183	0.8017674993461923	1.505933893080837e-13
3.204993e-09	0.5873350437296159	-0.1059003436037797	0.802385607816922	1.5066067041141984e-13
3.210117e-09	0.5936548244745681	-0.052548016633862916	0.8030022760403093	1.5074510541403177e-13
3.215244e-09	0.5951449830241957	0.0011149071554895685	0.8036175745733565	1.5084736935402865e-13
3.220375e-09	0.5917972713149235	0.0546586109101597	0.8042315748076434	1.5096759801586368e-13
3.225510e-09	0.5836405135342567	0.10765374278923462	0.804844346830453	1.5110538292936328e-13
3.230650e-09	0.5707405951588477	0.15967427421922625	0.8054559573249721	1.5125977795775927e-13
3.235796e-09	0.5532003174810348	0.21030040090828242	0.8060664675550633	1.514293178755836e-13
3.240947e-09	0.5311590980930249	0.25912150447662785	0.8066759314810212	1.5161204956188462e-13
3.245953e-09	0.5056278214572547	0.3044031614641911	0.8072665120386181	1.5179975574487417e-13
3.250966e-09	0.4762141345573561	0.3472585331841647	0.8078561809991744	1.5199509460288188e-13
3.255985e-09	0.44314111166000797	0.38735345914149766	0.8084449596898038	1.5219524859981883e-13
3.261011e-09	0.40666138021514714	0.42437289732225186	0.8090328583313716	1.5239719609448763e-13
3.266043e-09	0.36705576164651355	0.4580237165208935	0.8096198755876031	1.5259779732867238e-13
3.271082e-09	0.32463159547430276	0.48803746503878975	0.8102059984586147	1.5279389016654388e-13
3.276127e-09	0.27972072289661104	0.5141730672254269	0.8107912025436597	1.5298239314614928e-13
3.281178e-09	0.23267711605021837	0.5362193902165672	0.8113754526865637	1.5316041244222364e-13
3.286235e-09	0.1838741521747844	0.5539976165616545	0.8119587040028637	1.5332534844843937e-13
3.291297e-09	0.13370154716881716	0.5673633551760439	0.8125409032707502	1.5347499700709958e-13
3.296364e-09	0.0825619795563101	0.5762084239699998	0.8131219906494671	1.5360763995103941e-13
3.301435e-09	0.030867452391223238	0.5804622430450377	0.8137019016703838	1.537221197063717e-13
3.306510e-09	-0.02096454434333301	0.5800927875182322	0.8142805694291148	1.5381789327167992e-13
3.311587e-09	-0.07251499619333318	0.5751070633419413	0.8148579268935717	1.5389506193455277e-13
3.316666e-09	-0.12336736901092848	0.5655510869359135	0.8154339092341746	1.5395437453725012e-13
3.321748e-09	-0.17311157069932093	0.5515093686389226	0.8160084560796602	1.539972037952727e-13
3.326830e-09	-0.22134778719143278	0.5331039192721959	0.8165815136053964	1.5402549693708618e-13
3.331913e-09	-0.2676901177394922	0.510492816810366	0.8171530363705657	1.5404170354674394e-13
3.336997e-09	-0.31176994680472475	0.4838683847908723	0.8177229888350036	1.5404868479677364e-13
3.342080e-09	-0.3532390052197994	0.45345504454942326	0.8182913465044142	1.540496091186271e-13
3.347164e-09	-0.39177209036464694	0.419506909031794	0.8188580966723752	1.5404783972329283e-13
3.352248e-09	-0.4270694323067729	0.3823051867163295	0.8194232387472073	1.5404681927267472e-13
3.357331e-09	-0.45885870880734275	0.3421554604830396	0.8199867841699021	1.5404995649393173e-13
3.362415e-09	-0.48689672565729814	0.2993848988539543	0.8205487559447089	1.5406051875400405e-13
3.367499e-09	-0.5109707892156656	0.25433944690582766	0.8211091878160647	1.5408153367814462e-13
3.372584e-09	-0.5308998048823481	0.20738103240460098	0.8216681231340829	1.5411570198160412e-13
3.377671e-09	-0.5465351384926553	0.15888481038020166	0.8222256134561008	1.541653228387387e-13
3.382759e-09	-0.557761277482719	0.10923645737316626	0.8227817169343311	1.5423223246345784e-13
3.387850e-09	-0.5644963255397772	0.0588295156957785	0.8233364965401992	1.5431775611324387e-13
3.392945e-09	-0.5666923588232222	0.008062778834421457	0.8238900181752656	1.5442267348849729e-13
3.398042e-09	-0.5643356642722828	-0.04266229801247107	0.824442348717396	1.5454719744635058e-13
3.403145e-09	-0.5574468715635333	-0.09294418303729018	0.8249935540497031	1.5469096603295864e-13
3.408252e-09	-0.5460809804983459	-0.14238387157608645	0.8255436971190379	1.548530480145191e-13
3.413365e-09	-0.530327275534524	-0.1905875311157854	0.8260928360706917	1.5503196227793896e-13
3.418484e-09	-0.5103091093847357	-0.23716920708346842	0.8266410225063576	1.5522571161148257e-13
3.423610e-09	-0.48618352866998926	-0.2817536032370185	0.827188299912997	1.5543183139076098e-13
3.428743e-09	-0.45814070715814925	-0.3239789422717097	0.8277347023105502	1.5564745352970937e-13
3.433882e-09	-0.42640314678435454	-0.3634999018268407	0.8282802531657247	1.5586938566388287e-13
3.439030e-09	-0.3912246040914119	-0.3999906088669228	0.8288249646166469	1.560942048779656e-13
3.444184e-09	-0.3528887005378457	-0.43314766208077266	0.8293688370481925	1.5631836442506714e-13
3.449190e-09	-0.31299371656071057	-0.46185336528362786	0.8298954165253001	1.565317412864439e-13
3.454202e-09	-0.27073047532322375	-0.48693498608568114	0.8304211757036298	1.567380190120215e-13
3.459221e-09	-0.22642744445452076	-0.5081921065429617	0.8309460844394309	1.5693427159968874e-13
3.464246e-09	-0.18043143963196914	-0.5254540527605834	0.8314701041106726	1.5711788826630762e-13
3.469276e-09	-0.1331048224052196	-0.5385818785200085	0.8319931889038116	1.5728666950321966e-13
3.474312e-09	-0.08482241187334148	-0.5474700491805644	0.8325152873636732	1.5743890978325353e-13
3.479352e-09	-0.035968154618315054	-0.5520477707380695	0.8330363441510105	1.5757346226592256e-13
3.484396e-09	0.013068389620506441	-0.5522799187807893	0.8335563019401937	1.5768978172811275e-13
3.489444e-09	0.06189567891415509	-0.5481675353863373	0.8340751033811189	1.5778794319836777e-13
3.494494e-09	0.11012386294041027	-0.5397478777409708	0.8345926930456555	1.5786863530049778e-13
3.499547e-09	0.15736842412771537	-0.5270940191316603	0.8351090192802328	1.5793312892532898e-13
3.504602e-09	0.2032537136452391	-0.5103140195295276	0.83562403589236	1.5798322338187298e-13
3.509658e-09	0.24741631699207248	-0.48954969787453456	0.8361377036092978	1.580211734634569e-13
3.514715e-09	0.2895081946694276	-0.4649750502368159	0.836649991260694	1.5804960177279026e-13
3.519773e-09	0.32919955652609456	-0.4367943664765695	0.8371608766523643	1.5807140113070435e-13
3.524831e-09	0.3661814426041625	-0.40524010247989084	0.8376703471141985	1.580896319309017e-13
3.529891e-09	0.4001679974518541	-0.3705705655580958	0.8381783997200869	1.5810741896971883e-13
3.534950e-09	0.43089843783763865	-0.333067467567484	0.8386850411908306	1.5812785166157217e-13
3.540011e-09	0.45813872476621215	-0.2930333943983252	0.83919028750158	1.581538907600408e-13
3.545072e-09	0.4816829591214512	-0.25078923250607793	0.8396941632231433	1.5818828386502122e-13
3.550135e-09	0.501354525890392	-0.20667158396097374	0.8401967006316334	1.582334911987211e-13
3.555199e-09	0.5170070147479948	-0.16103019187511486	0.8406979386236357	1.5829162244756075e-13
3.560266e-09	0.5285249449905705	-0.11422538872322975	0.8411979214749293	1.5836438495027907e-13
3.565335e-09	0.5358243207098582	-0.06662557156663115	0.8416966974802969	1.5845304317020315e-13
3.570407e-09	0.5388530380867724	-0.018604700946620475	0.842194317510717	1.5855838922308862e-13
3.575482e-09	0.5375911611710845	0.029460185462762474	0.8426908335227246	1.58680724218104e-13
3.580562e-09	0.5320510759203448	0.07719145725653984	0.8431862970533944	1.588198502672513e-13
3.585647e-09	0.5222775250096335	0.12421338857030535	0.8436807577334532	1.589750731959834e-13
3.590737e-09	0.5083475183969597	0.1701546830636521	0.8441742618506919	1.5914521618318237e-13
3.595832e-09	0.49037010724264796	0.21465103948350503	0.8446668509959918	1.5932864473079234e-13
3.600934e-09	0.4684860019539323	0.2573477667237567	0.8451585608248401	1.595233034620632e-13
3.606042e-09	0.44286700929979805	0.29790245145340666	0.8456494199678157	1.5972676521577076e-13
3.611156e-09	0.4137152591806155	0.3359876738179912	0.8461394491237785	1.5993629272271706e-13
3.616277e-09	0.3812621892160875	0.37129375771224377	0.8466286603689233	1.6014891275894927e-13
3.621405e-09	0.3457672552878267	0.40353153209738635	0.8471170567128599	1.6036150210482768e-13
3.626540e-09	0.3075163389222163	0.432435069378493	0.8476046319289993	1.6057088386182073e-13
3.631682e-09	0.2668198281770568	0.4577643567045454	0.8480913706803292	1.6077393178645851e-13
3.636829e-09	0.22401035754633553	0.479307847078933	0.8485772489529287	1.6096767933714117e-13
3.641983e-09	0.17944020409393283	0.4968848303117123	0.8490622347983853	1.611494292162308e-13
3.647143e-09	0.13347835102178493	0.5103475600226235	0.8495462893730158	1.613168584532845e-13
3.652146e-09	0.08798649112539407	0.5193593060760393	0.8500142872750174	1.6146364620744612e-13
3.657153e-09	0.0419040877521044	0.5243334458440198	0.8504813254851634	1.615940582776057e-13
3.662164e-09	-0.004406588778078029	0.5252324972169806	0.8509473578562632	1.6170743621421575e-13
3.667179e-09	-0.050580944429037336	0.5220522955630554	0.8514123376825182	1.6180368872292611e-13
3.672196e-09	-0.0962553976288518	0.5148221104940113	0.851876219279423	1.618833012051839e-13
3.677215e-09	-0.14107070455081025	0.5036043629486915	0.8523389595322863	1.6194732247181672e-13
3.682236e-09	-0.18467520916037167	0.4884939521776074	0.852800519352254	1.6199732918458475e-13
3.687259e-09	-0.2267279581094948	0.46961721571860765	0.8532608649833894	1.6203536991014707e-13
3.692282e-09	-0.2669016283353567	0.44713055714277855	0.85371996911231	1.6206389180986468e-13
3.697307e-09	-0.30488522561231474	0.4212187853485105	0.8541778117422938	1.6208565382744556e-13
3.702332e-09	-0.340386524349648	0.39209321491963056	0.8546343808057073	1.6210363071453893e-13
3.707357e-09	-0.3731342315615888	0.35998957932001446	0.8550896725010433	1.6212091232908567e-13
3.712383e-09	-0.40287987013364646	0.32516580759284547	0.8555436913528078	1.6214060241883343e-13
3.717410e-09	-0.4293993873830326	0.28789971117906166	0.8559964500032048	1.621657206067709e-13
3.722438e-09	-0.4524945037901125	0.24848662108409467	0.8564479687534725	1.6219911064086485e-13
3.727466e-09	-0.4719938232367722	0.20723700763781006	0.8568982748796155	1.6224335725836628e-13
3.732497e-09	-0.4877537299464795	0.16447410626674835	0.857347401752085	1.6230071331209957e-13
3.737529e-09	-0.4996590986106325	0.12053156374328812	0.8577953877919884	1.6237303822000385e-13
3.742564e-09	-0.5076238431033223	0.07575111091263069	0.8582422752978998	1.624617483225807e-13
3.747602e-09	-0.5115913260411792	0.03048026043267324	0.8586881091778227	1.62567779438467e-13
3.752643e-09	-0.5115346466156382	-0.014929978019565127	0.8591329356206462	1.6269156173629056e-13
3.757689e-09	-0.5074568180235821	-0.06012737703624409	0.8595768007409941	1.6283300701480145e-13
3.762739e-09	-0.4993908388752188	-0.10476077978113056	0.8600197492308852	1.6299150852463776e-13
3.767794e-09	-0.48739965559682075	-0.1484824124105913	0.8604618230513378	1.631659535538726e-13
3.772855e-09	-0.4715760055091046	-0.19095023428030752	0.8609030601968916	1.633547490605933e-13
3.777922e-09	-0.45204212340039646	-0.23183033615829426	0.8613434935659484	1.635558606368788e-13
3.782996e-09	-0.42894928849297764	-0.27079939130274105	0.8617831499695461	1.6376686495464037e-13
3.788076e-09	-0.4024771841991801	-0.30754715716805114	0.8622220493103556	1.6398501557259194e-13
3.793162e-09	-0.37283304045258897	-0.3417790169791861	0.8626602039619188	1.6420732150814937e-13
3.798256e-09	-0.3402505281132548	-0.3732185409033799	0.8630976183750035	1.6443063735183085e-13
3.803357e-09	-0.3049883773325413	-0.40161003663865336	0.8635342889330816	1.6465176290966033e-13
3.808464e-09	-0.26732869702461814	-0.4267210496597695	0.863970204072099	1.6486754949290909e-13
3.813578e-09	-0.2275749807200698	-0.4483447649461774	0.8644053446708996	1.6507500912007106e-13
3.818699e-09	-0.18604979480208175	-0.4663022556327024	0.8648396847080718	1.6527142214482383e-13
3.823825e-09	-0.14309215788093108	-0.4804445204873846	0.86527319216917	1.6545443834186017e-13
3.828956e-09	-0.0990546340003266	-0.4906542520781866	0.865705830175965	1.6562216631455129e-13
3.834093e-09	-0.05430017641118409	-0.49684728131289074	0.8661375582975858	1.6577324637312784e-13
3.839234e-09	-0.009198771590057424	-0.4989736517306966	0.86656833399321	1.659069027474331e-13
3.844379e-09	0.03587605616466268	-0.49701828808605386	0.8669981141283287	1.66022972120497e-13
3.849527e-09	0.080550811874656	-0.49100123760003417	0.8674268565023616	1.661219069040843e-13
3.854678e-09	0.12445559773461348	-0.48097747765177706	0.8678545213250054	1.6620475326278836e-13
3.859832e-09	0.16722761160615443	-0.4670362993515815	0.8682810725821916	1.6627310546473558e-13
3.864987e-09	0.20851451117805642	-0.44930029106978137	0.8687064792395564	1.663290395205396e-13
3.870144e-09	0.24797758746936255	-0.4279239584307504	0.869130716241137	1.6637503013291402e-13
3.875302e-09	0.2852947026474905	-0.40309202664086335	0.869553765272649	1.664138556301146e-13
3.880462e-09	0.32016295996524047	-0.37501747679279746	0.86997561527106	1.6644849577675181e-13
3.885622e-09	0.35230108683563727	-0.3439393698562339	0.8703962626742633	1.6648202717577137e-13
3.890783e-09	0.38145152459563925	-0.31012051066546514	0.8708157114155977	1.665175204798859e-13
3.895946e-09	0.4073822294861576	-0.27384499986684785	0.8712339726771527	1.665579429228482e-13
3.901110e-09	0.4298881981740097	-0.23541571519557994	0.8716510644229474	1.6660606887079683e-13
3.906276e-09	0.4487927374066518	-0.1951517553940535	0.8720670107380873	1.666644002975357e-13
3.911277e-09	0.46351939949855075	-0.15475310614278912	0.8724684764664346	1.667326055711931e-13
3.916280e-09	0.4746284479625469	-0.11325931235364502	0.872868927474133	1.6681399938653025e-13
3.921285e-09	0.4820402552125256	-0.07098942776495447	0.8732683971725114	1.669097997163244e-13
3.926294e-09	0.48570262203971565	-0.028267901334808818	0.8736669209131535	1.6702080920329658e-13
3.931307e-09	0.48559106555047155	0.014577576345480311	0.8740645349889501	1.671473964460713e-13
3.936323e-09	0.48170899083604407	0.05721822775115019	0.8744612756210176	1.6728948690626723e-13
3.941344e-09	0.4740877490603305	0.09932635286601849	0.8748571779537755	1.6744656346187057e-13
3.946370e-09	0.4627865793200394	0.14057751231377155	0.8752522750801213	1.6761767674198925e-13
3.951401e-09	0.44789242634314	0.18065273698221906	0.8756465971185454	1.6780146547889722e-13
3.956438e-09	0.42951962115942643	0.2192407693554347	0.8760401703640649	1.6799618716656678e-13
3.961481e-09	0.4078094076246439	0.25604033779924285	0.8764330165349127	1.6819975927728716e-13
3.966530e-09	0.38292929443871515	0.29076245982076965	0.8768251521367547	1.6840981114476007e-13
3.971585e-09	0.35507221039986214	0.3231327640456701	0.8772165879655729	1.6862374634360354e-13
3.976647e-09	0.32445544039138985	0.3528938136202861	0.8776073287689432	1.6883881496084247e-13
3.981715e-09	0.2913193212695979	0.37980740634482196	0.877997373082995	1.6905219461536552e-13
3.986790e-09	0.25592568058595533	0.4036568195724564	0.8783867132586107	1.6926107840448927e-13
3.991871e-09	0.21855600698135438	0.4242489613464228	0.8787753356853204	1.694627672581472e-13
3.996957e-09	0.17950934901084584	0.44141638401949945	0.879163221214839	1.6965476348151827e-13
4.002050e-09	0.13909994876998433	0.45501911332726996	0.8795503457784849	1.6983486169061006e-13
4.007147e-09	0.09765462746294766	0.4649462451097418	0.8799366811841773	1.700012329521746e-13
4.012249e-09	0.05550995125185539	0.471117263978663	0.8803221960698682	1.7015249784346673e-13
4.017356e-09	0.01300921649023641	0.47348304336220615	0.8807068569818073	1.7028778437837338e-13
4.022466e-09	-0.029500697149797302	0.4720264943906895	0.8810906295387056	1.704067673373932e-13
4.027580e-09	-0.0716725499666733	0.4667628415772894	0.881473479637345	1.7050968647093167e-13
4.032697e-09	-0.11316198199713308	0.4577395154754727	0.8818553746520799	1.7059734222347734e-13
4.037816e-09	-0.15363070845248608	0.4450356655261405	0.8822362845803227	1.7067106895563812e-13
4.042937e-09	-0.19274961262846257	0.42876130910061516	0.8826161830886089	1.7073268697985034e-13
4.048060e-09	-0.23020168395807664	0.4090561442766528	0.88299504841895	1.707844359271441e-13
4.053184e-09	-0.26568475743328657	0.3860880632700777	0.8833728641224926	1.7082889292754196e-13
4.058309e-09	-0.29891402106539255	0.3600514100430615	0.8837496195962526	1.7086887971626706e-13
4.063436e-09	-0.3296242694480953	0.331165029081196	0.8841253104082364	1.7090736306035218e-13
4.068564e-09	-0.3575718928672731	0.29967015265381314	0.8844999384057386	1.7094735282549926e-13
4.073693e-09	-0.38253660189320643	0.2658281713103559	0.8848735116104394	1.7099180166698632e-13
4.078823e-09	-0.40432289628324103	0.2299183274121973	0.8852460439115833	1.7104350976887691e-13
4.083955e-09	-0.42276129382011196	0.1922353647916329	0.885617554574757	1.711050374048583e-13
4.089090e-09	-0.4377093391449205	0.15308715986712176	0.8859880675884607	1.711786274222837e-13
4.094226e-09	-0.44905241465449025	0.11279235141999712	0.8863576108739176	1.7126613913183212e-13
4.099366e-09	-0.4567043752397649	0.07167797838158743	0.8867262153855523	1.7136899458414254e-13
4.104508e-09	-0.46060802629572367	0.030077127927817297	0.887093914130613	1.7148813783890353e-13
4.109655e-09	-0.4607354603764789	-0.0116734096402764	0.8874607411367806	1.7162400759688815e-13
4.114806e-09	-0.45708826250046913	-0.05323548701408096	0.8878267303965766	1.717765234449687e-13
4.119961e-09	-0.4496975878610191	-0.09427195725852805	0.8881919148171904	1.7194508592424078e-13
4.125122e-09	-0.43862410901647975	-0.13444905328547155	0.8885563252040578	1.7212859062374993e-13
4.130289e-09	-0.42395782298399276	-0.1734387988384695	0.8889199893062042	1.7232545648081228e-13
4.135289e-09	-0.4064768600543471	-0.20969961297914194	0.8892708443195229	1.725265695151078e-13
4.140296e-09	-0.3858823950513923	-0.2442727562661868	0.8896210416438683	1.7273613028302558e-13
4.145308e-09	-0.36233141077370873	-0.2768903943123945	0.8899705940671638	1.7295171199221843e-13
4.150327e-09	-0.33600432910281963	-0.3072983273722301	0.8903195094000771	1.731706870988454e-13
4.155352e-09	-0.30710401024516504	-0.3352581308684039	0.8906677902439054	1.7339030597570196e-13
4.160383e-09	-0.27585452803595467	-0.36054926969525314	0.8910154339203561	1.736077827393655e-13
4.165421e-09	-0.24249970713884814	-0.38297115536135684	0.8913624325709267	1.7382038570517418e-13
4.170464e-09	-0.20730141407148056	-0.4023451094713372	0.8917087734279965	1.740255293379518e-13
4.175514e-09	-0.1705376017773855	-0.418516192982592	0.8920544392532194	1.7422086408197016e-13
4.180569e-09	-0.13250011653418384	-0.4313548586217486	0.892399408931807	1.7440436014852438e-13
4.185629e-09	-0.09349228575410691	-0.44075838419797336	0.8927436582041142	1.7457438130224386e-13
4.190694e-09	-0.05382631497706031	-0.44665204751528714	0.8930871605092036	1.7472974494323053e-13
4.195763e-09	-0.013820531298105919	-0.44899000913713777	0.893429887909326	1.7486976535787843e-13
4.200836e-09	0.02620348215138133	-0.4477558771140788	0.8937718120599598	1.7499427786261968e-13
4.205912e-09	0.06592381088657573	-0.44296293742814097	0.8941129051877194	1.751036426247689e-13
4.210992e-09	0.10502114063917213	-0.4346540446213943	0.8944531410382044	1.7519872811872337e-13
4.216074e-09	0.14318164391135427	-0.42290117803377664	0.8947924957578075	1.7528087533584746e-13
4.221158e-09	0.1800997727737471	-0.4078046794320934	0.8951309486774167	1.7535184490852096e-13
4.226244e-09	0.21548091477664028	-0.38949219680478214	0.8954684829714594	1.7541375012944029e-13
4.231332e-09	0.2490438763428761	-0.36811736612643225	0.8958050861723504	1.754689793910157e-13
4.236421e-09	0.28052316670592586	-0.34385826758303184	0.8961407505275468	1.7552011180914847e-13
4.241512e-09	0.30967106460435634	-0.3169156949556691	0.8964754731935334	1.755698297433359e-13
4.246604e-09	0.3362594588333193	-0.2875112766792511	0.8968092562676803	1.756208316431512e-13
4.251698e-09	0.3600814617755435	-0.255885484806872	0.8971421066646798	1.7567574817727004e-13
4.256793e-09	0.3809528017235954	-0.22229556413915294	0.897474035848948	1.757370640528885e-13
4.261891e-09	0.39871300486069117	-0.18701340861723342	0.8978050594379171	1.7580704733494006e-13
4.266990e-09	0.41322638105048193	-0.15032340624181553	0.89813519669356	1.7588768753699702e-13
4.272092e-09	0.424382829097593	-0.11252026776009677	0.898464469920942	1.759806432791336e-13
4.277197e-09	0.4320984769958963	-0.07390684859116049	0.8987929037932766	1.760871999599409e-13
4.282305e-09	0.4363161710769819	-0.03479196830074868	0.8991205246230795	1.7620823763502242e-13
4.287417e-09	0.4370058251570955	0.004511772325145588	0.8994473595987996	1.7634420917572055e-13
4.292533e-09	0.4341646370387668	0.043690179709610755	0.8997734360059414	1.7649512873307155e-13
4.297654e-09	0.427817175351146	0.08242966641107115	0.900098780451305	1.7666057056276376e-13
4.302779e-09	0.41801533501729593	0.12041946608373656	0.9004234181086617	1.7683967831897693e-13
4.307910e-09	0.4048381549293742	0.15735386916546779	0.9007473720039582	1.7703118497845992e-13
4.313047e-09	0.38839148701147563	0.19293448176726583	0.9010706623579592	1.7723344356107083e-13
4.318190e-09	0.36880750207697377	0.2268725067144552	0.9013933060040119	1.7744446875185283e-13
4.323339e-09	0.34624401506552915	0.25889104099212257	0.901715315898159	1.7766198934945837e-13
4.328494e-09	0.32088361068703714	0.28872737818599936	0.902036700737996	1.7788351118255312e-13
4.333656e-09	0.2929325504899474	0.31613529817816766	0.9023574647052328	1.7810638970163523e-13
4.338824e-09	0.2626194441381748	0.3408873197392513	0.9026776073446963	1.7832791092193408e-13
4.343999e-09	0.23019367136456748	0.3627768852242914	0.9029971235893626	1.7854537875916825e-13
4.349001e-09	0.1971329114185301	0.3810231728800516	0.9033050187860534	1.7874907351756554e-13
4.354008e-09	0.16260915095198056	0.396286586987313	0.9036123090134522	1.7894442438055183e-13
4.359021e-09	0.12689150293658097	0.40844709089294573	0.9039189789044065	1.7912952760428533e-13
4.364039e-09	0.09025960642223643	0.41740907270294947	0.9042250104226085	1.7930279664057058e-13
4.369062e-09	0.053001309777783216	0.42310240669920907	0.9045303834626985	1.7946302159254206e-13
4.374089e-09	0.015410216510697971	0.42548326584613694	0.9048350765261032	1.7960941659320539e-13
4.379120e-09	-0.022216870938171023	0.42453466197994144	0.9051390674494685	1.797416525084105e-13
4.384154e-09	-0.05958256909479543	0.42026669743381534	0.9054423341594637	1.7985987302702475e-13
4.389192e-09	-0.09639154968205477	0.4127165201677153	0.905744855425933	1.7996469304694324e-13
4.394232e-09	-0.13235314996639497	0.4019479833625457	0.9060466115850528	1.8005717921323834e-13
4.399275e-09	-0.16718391443727607	0.38805101925627117	0.9063475852053663	1.801388134358863e-13
4.404320e-09	-0.20061002862360372	0.3711407450959736	0.9066477616722175	1.802114411076927e-13
4.409366e-09	-0.2323696112818222	0.35135632588023585	0.9069471296700137	1.8027720649608534e-13
4.414415e-09	-0.2622148379886761	0.32885962362953686	0.9072456815465213	1.8033847830389977e-13
4.419465e-09	-0.2899138767621269	0.30383366598360834	0.9075434135487488	1.8039776870998967e-13
4.424517e-09	-0.3152526241094521	0.2764809679086898	0.9078403259254232	1.8045764923462794e-13
4.429571e-09	-0.3380362372806461	0.24702173931500832	0.9081364228963239	1.805206666370594e-13
4.434626e-09	-0.3580904649954927	0.21569200869631142	0.908431712493494	1.80589261724592e-13
4.439684e-09	-0.3752627841360193	0.18274168888424877	0.9087262062833975	1.8066569353374987e-13
4.444744e-09	-0.3894233536146151	0.14843260609735728	0.9090199189823582	1.807519708757391e-13
4.449806e-09	-0.4004657987388151	0.11303650811270984	0.9093128679800854	1.8084979278281567e-13
4.454871e-09	-0.408307839916021	0.07683306203571791	0.9096050727878162	1.8096049897989749e-13
4.459940e-09	-0.412891778597401	0.04010784717980527	0.9098965544287307	1.810850311779913e-13
4.465012e-09	-0.41418485114801157	0.0031503443234744927	0.910187334788912	1.8122390573222125e-13
4.470088e-09	-0.41217945810405027	-0.03374808065157636	0.9104774359474186	1.8137719803420515e-13
4.475169e-09	-0.40689327232868805	-0.070296202828282	0.9107668795040679	1.8154453889695934e-13
4.480255e-09	-0.3983692252195202	-0.10620497890701808	0.9110556859234012	1.817251231013118e-13
4.485346e-09	-0.38667536568236216	-0.14118960675481937	0.9113438739130421	1.8191773018622937e-13
4.490442e-09	-0.3719045824050368	-0.17497160624007604	0.9116314598542016	1.8212075744109312e-13
4.495544e-09	-0.35417417637928533	-0.20728092053794545	0.9119184573014172	1.8233226486205918e-13
4.500652e-09	-0.3336252679593572	-0.2378580327535496	0.9122048765675715	1.8255003155372456e-13
4.505767e-09	-0.31042202131839974	-0.26645608746775146	0.9124907244087344	1.827716226717392e-13
4.510887e-09	-0.2847506692317839	-0.2928430009751794	0.9127760038212563	1.8299446552218256e-13
4.516014e-09	-0.25681832287034406	-0.316803537953085	0.9130607139607266	1.8321593288803115e-13
4.521147e-09	-0.22685155481657954	-0.3381413265349316	0.9133448501888523	1.834334310709208e-13
4.526286e-09	-0.1950947487805552	-0.35668077877255805	0.9136284042500287	1.8364448959332004e-13
4.531431e-09	-0.16180821629616815	-0.37226887976383954	0.9139113645745021	1.8384684906331713e-13
4.536581e-09	-0.12726608866440103	-0.3847768067629544	0.9141937166997861	1.8403854343478606e-13
4.541737e-09	-0.09175400107239677	-0.3941013397339268	0.9144754437966774	1.8421797285624996e-13
4.546897e-09	-0.05556659453052489	-0.40016602725449546	0.9147565272812404	1.8438396355340944e-13
4.552062e-09	-0.019004869349635797	-0.4029220764235899	0.91503694748983	1.8453581170531298e-13
4.557231e-09	0.017626569345707697	-0.4023489422485254	0.9153166843910329	1.8467330907299487e-13
4.562404e-09	0.05402232868868168	-0.39845460045250597	0.9155957183065492	1.84796749118072e-13
4.567579e-09	0.08987905977406732	-0.391275497141418	0.9158740306127615	1.8490691344606223e-13
4.572758e-09	0.12489825598491208	-0.38087617858636585	0.9161516043960048	1.8500503950635646e-13
4.577940e-09	0.1587889723555625	-0.36734861377437095	0.9164284250372815	1.850927714767139e-13
4.583123e-09	0.19127042502138925	-0.35081123067186365	0.916704480706094	1.851720970677887e-13
4.588124e-09	0.22100608050510312	-0.33214820940728274	0.91696994463685	1.8524273880721907e-13
4.593126e-09	0.24895449429316474	-0.3109697628114085	0.9172346844664406	1.8530985291255727e-13
4.598130e-09	0.27490285124423036	-0.2874448825291153	0.9174986985743443	1.8537572264196785e-13
4.603136e-09	0.29865447141245155	-0.26176027050693496	0.9177619884749453	1.85442652314005e-13
4.608144e-09	0.32003019046119796	-0.2341187449230926	0.9180245587504756	1.8551289824773722e-13
4.613154e-09	0.3388695686028729	-0.20473756866011333	0.9182864168951036	1.8558860366739604e-13
4.618166e-09	0.35503193327139293	-0.17384672084732294	0.9185475730783954	1.85671739122791e-13
4.623180e-09	0.36839726328583644	-0.14168712832343358	0.9188080398380094	1.8576404959343525e-13
4.628197e-09	0.3788669236645401	-0.1085088699788891	0.9190678317125849	1.8586700910190374e-13
4.633217e-09	0.38636426054471934	-0.07456936312424164	0.9193269648264304	1.8598178337106782e-13
4.638240e-09	0.3908350649597508	-0.040131537545107045	0.9195854564379392	1.8610920086160624e-13
4.643267e-09	0.39224791267264003	-0.0054619999544970104	0.9198433244637123	1.8624973237836898e-13
4.648298e-09	0.390594385037955	0.029170810700228932	0.9201005869903102	1.8640347936490245e-13
4.653333e-09	0.3858891731614528	0.06349847805794921	0.9203572617853865	1.8657017097153634e-13
4.658373e-09	0.3781700646543248	0.09725447482408062	0.9206133658197864	1.867491699773005e-13
4.663417e-09	0.36749780925163383	0.1301760420669197	0.920868914812006	1.8693948764355354e-13
4.668467e-09	0.35395585670038726	0.16200608118716403	0.9211239228061948	1.8713980754718037e-13
4.673523e-09	0.3376499578411623	0.19249505623847507	0.9213784017946196	1.8734851837403014e-13
4.678584e-09	0.31870761792449337	0.22140290130486343	0.921632361395087	1.8756375551230609e-13
4.683651e-09	0.29727739012528304	0.2485009240118215	0.9218858085932179	1.8778345107670603e-13
4.688724e-09	0.27352799712953074	0.27357369215166477	0.9221387475585295	1.8800539170171874e-13
4.693803e-09	0.24764726971588696	0.2964208860817149	0.9223911795419544	1.882272830713733e-13
4.698888e-09	0.21984089353268504	0.31685909530015915	0.9226431028606431	1.8844681972519455e-13
4.703979e-09	0.19033095879863304	0.3347235337498802	0.9228945129736041	1.8866175823454412e-13
4.709075e-09	0.15935431235758826	0.3498696452983025	0.9231454026489435	1.88869991402063e-13
4.714178e-09	0.1271607172165729	0.36217456883470617	0.9233957622202743	1.8906962076232402e-13
4.719285e-09	0.09401083110360804	0.3715384318179368	0.9236455799263467	1.8925902441965249e-13
4.724397e-09	0.060174022311359786	0.377885442118828	0.9238948423243467	1.894369171633798e-13
4.729514e-09	0.025926047682952046	0.38116475073879347	0.9241435347638238	1.8960239992311112e-13
4.734635e-09	-0.008453376448945026	0.38135106241182154	0.9243916419050894	1.8975499596704864e-13
4.739761e-09	-0.04268307472418011	0.3784449770186821	0.9246391482634828	1.8989467179630592e-13
4.744890e-09	-0.07648294567342151	0.37247305181624596	0.924886038759267	1.9002184142175778e-13
4.750022e-09	-0.10957648668159835	0.3634875822453671	0.9251322992523475	1.9013735356282002e-13
4.755157e-09	-0.14169327109200483	0.3515661069830221	0.9253779170414915	1.902424622121679e-13
4.760295e-09	-0.1725713399889927	0.3368106503824744	0.9256228813093039	1.903387818758457e-13
4.765435e-09	-0.20195947536200945	0.3193467219737221	0.9258671834967153	1.9042822956073093e-13
4.770578e-09	-0.22961932687977674	0.299322097845476	0.9261108175940184	1.905129561733487e-13
4.775722e-09	-0.2553273709197385	0.2769054122085746	0.9263537803392466	1.905952703679727e-13
4.780870e-09	-0.27887668728363035	0.25228458911810336	0.926596071318683	1.906775580605692e-13
4.786019e-09	-0.3000785456646022	0.22566514424051584	0.9268376929682586	1.9076220076348078e-13
4.791171e-09	-0.318763799948882	0.19726838487063408	0.9270786504783076	1.9085149570650128e-13
4.796325e-09	-0.33478409346015797	0.1673295334236052	0.9273189516074275	1.9094758036006966e-13
4.801482e-09	-0.3480128820252439	0.13609579571708139	0.9275586064139656	1.9105236358283219e-13
4.806642e-09	-0.35834628411506636	0.10382439092161239	0.9277976269158488	1.911674651927616e-13
4.811805e-09	-0.3657037682701642	0.07078055549617603	0.9280360266911271	1.9129416536170962e-13
4.816972e-09	-0.3700286876320312	0.037235529114948956	0.9282738204327676	1.9143336487898822e-13
4.822142e-09	-0.37128866983074726	0.003464526856868843	0.9285110234719738	1.9158555704297586e-13
4.827317e-09	-0.36947586794915205	-0.030255300962350625	0.9287476512847279	1.9175081170517238e-13
4.832497e-09	-0.3646070750640974	-0.06364692178602128	0.9289837189963921	1.9192877180654487e-13
4.837681e-09	-0.3567237012566417	-0.09643548778636266	0.929219240899137	1.9211866258519067e-13
4.842871e-09	-0.34589160830504295	-0.1283504173947934	0.9294542299966863	1.9231931346200685e-13
4.847874e-09	-0.332757583970165	-0.1580109032136299	0.9296800227906112	1.9252127525552722e-13
4.852882e-09	-0.3170736492696193	-0.18638765792560985	0.9299053402964477	1.9273015096899048e-13
4.857896e-09	-0.29896072104164956	-0.2132611525381437	0.9301301887866877	1.9294407215843645e-13
4.862915e-09	-0.2785588378988326	-0.23842261546356652	0.9303545723346364	1.9316100262055781e-13
4.867940e-09	-0.2560263136579434	-0.2616757452226151	0.9305784927005961	1.9337880084719314e-13
4.872970e-09	-0.23153872215400617	-0.28283838377904225	0.9308019492913351	1.9359528762193834e-13
4.878007e-09	-0.2052877073743116	-0.3017441296805403	0.9310249391956866	1.938083167259246e-13
4.883048e-09	-0.17747961653220187	-0.3182438671743941	0.9312474572966463	1.9401584637775196e-13
4.888095e-09	-0.14833395831084364	-0.33220718532399324	0.9314694964575849	1.9421600876158623e-13
4.893147e-09	-0.1180816938075368	-0.34352366014459074	0.9316910477773236	1.94407174863387e-13
4.898204e-09	-0.08696337338241275	-0.3521039731031019	0.9319121009059604	1.9458801185555158e-13
4.903265e-09	-0.055227138281140814	-0.3578808410926643	0.9321326444106992	1.9475753046870225e-13
4.908331e-09	-0.023126611150834402	-0.3608097361854519	0.9323526661786637	1.9491512017446974e-13
4.913401e-09	0.009081295997627565	-0.36086937794925183	0.932572153842009	1.9506057055183447e-13
4.918474e-09	0.041138624555730835	-0.35806198662700206	0.9327910952096332	1.9519407788743034e-13
4.923551e-09	0.07278862913233704	-0.3524132916681532	0.9330094786896069	1.9531623680689587e-13
4.928630e-09	0.10377802043617364	-0.34397229654720446	0.9332272936870154	1.954280174927081e-13
4.933713e-09	0.13385915849541555	-0.332810807068619	0.9334445309632671	1.9553072974378404e-13
4.938798e-09	0.1627921661549611	-0.3190227360244447	0.9336611829448908	1.9562597572068822e-13
4.943885e-09	0.19034693663533964	-0.3027232017936978	0.9338772439723084	1.9571559365597882e-13
4.948975e-09	0.21630501362091042	-0.28404744200080595	0.934092710481811	1.9580159506275317e-13
4.954067e-09	0.24046132749148916	-0.26314956554906016	0.9343075811168245	1.9588609806236214e-13
4.959161e-09	0.2626257765369072	-0.24020116719652856	0.934521856767305	1.959712593710055e-13
4.964257e-09	0.28262464694352807	-0.2153898284365721	0.9347355405386649	1.960592072756196e-13
4.969356e-09	0.3003018697198233	-0.18891752695822328	0.9349486376538377	1.9615197763732794e-13
4.974457e-09	0.3155201163104824	-0.1609989746325885	0.9351611552939284	1.962514546209087e-13
4.979561e-09	0.32816173729766507	-0.13185990106824932	0.9353731023843104	1.9635931748297106e-13
4.984668e-09	0.3381295502418	-0.10173529658266578	0.935584489334082	1.9647699443961652e-13
4.989778e-09	0.345347483386362	-0.07086762521357397	0.9357953277374785	1.9660562433594672e-13
4.994891e-09	0.3497610817131449	-0.03950501538469842	0.936005630046265	1.9674602661925257e-13
5.000008e-09	0.35133788080565836	-0.007899433248667112	0.9362154092223322	1.9689867994485164e-13
