# t (s)	mx ()	my ()	mz ()
1.0786059109441764e-10	0.0018826959421858191	0.9998210668563843	0.01882561296224594
2.344818708162182e-10	0.004102206788957119	0.9991503953933716	0.04100973531603813
3.185862559996401e-10	0.005582019686698914	0.9984269738197327	0.05578991025686264
4.024419783025822e-10	0.00706188939511776	0.9974827170372009	0.07055836915969849
5.277649604449791e-10	0.009281864389777184	0.9956525564193726	0.09268220514059067
6.11008355453769e-10	0.010761936195194721	0.9941568970680237	0.10740727186203003
7.354210293144222e-10	0.012982191517949104	0.9915009140968323	0.12945067882537842
8.180630375786703e-10	0.014462380670011044	0.9894557595252991	0.14411193132400513
9.004640430015492e-10	0.0159426461905241	0.9871914982795715	0.1587413251399994
1.0236255797903739e-09	0.018163153901696205	0.9833852648735046	0.1806199848651886
1.105440521694887e-09	0.01964358240365982	0.9805753231048584	0.19515711069107056
1.227722225043782e-09	0.021864254027605057	0.9759533405303955	0.21688063442707062
1.3089533454933516e-09	0.023344673216342926	0.9726015329360962	0.23130376636981964
1.4303702171207057e-09	0.02556525357067585	0.9671698808670044	0.2528418302536011
1.5110273539358685e-09	0.02704571560025215	0.9632807970046997	0.2671308219432831
1.6315933723860327e-09	0.029266424477100372	0.957046627998352	0.2884531021118164
1.7116902125396205e-09	0.03074685111641884	0.9526251554489136	0.30258870124816895
1.8314160394571416e-09	0.03296749293804169	0.9455972909927368	0.3236648142337799
1.9109544465881514e-09	0.03444785997271538	0.9406498670578003	0.3376258611679077
2.02985519039659e-09	0.03666852042078972	0.9328376054763794	0.35842639207839966
2.1088467841326758e-09	0.038148894906044006	0.9273707866668701	0.37219369411468506
2.2269301125397433e-09	0.0403694286942482	0.9187850952148438	0.39268845319747925
2.3053866134440348e-09	0.04184979945421219	0.9128061532974243	0.4062432050704956
2.4226671318576943e-09	0.04406999796628952	0.903458833694458	0.42640358209609985
2.500590610653854e-09	0.04555009305477142	0.8969764113426208	0.4397256076335907
2.6170827478098647e-09	0.04777013882994652	0.8868800401687622	0.45952343940734863
2.7331085986846706e-09	0.049990031868219376	0.8763408660888672	0.4790905714035034
2.810200057710345e-09	0.05146963894367218	0.8690714240074158	0.49200183153152466
2.925457490350072e-09	0.053689323365688324	0.8578058481216431	0.5111620426177979
3.0020346661914737e-09	0.05516885221004486	0.8500579595565796	0.5237919092178345
3.1165218573416945e-09	0.05738788843154907	0.838083028793335	0.5425158739089966
3.2305616275066155e-09	0.059606775641441345	0.8256895542144775	0.5609668493270874
3.3063425428923298e-09	0.061085909605026245	0.8171976208686829	0.573111355304718
3.419637807333244e-09	0.06330445408821106	0.8041212558746338	0.5910851955413818
3.53248627636793e-09	0.0655224621295929	0.7906444072723389	0.6087595820426941
3.6074793906928254e-09	0.06700120866298676	0.781440019607544	0.6203727722167969
3.719607233234545e-09	0.06921883672475815	0.7673092484474182	0.6375306844711304
3.8313041102953156e-09	0.07143621146678925	0.7527960538864136	0.654366135597229
3.9055279509885954e-09	0.0729142427444458	0.7429120540618896	0.6654061079025269
4.016511435017804e-09	0.07513085752725601	0.7277781963348389	0.6816849112510681
4.127070779952991e-09	0.07734708487987518	0.7122822403907776	0.6976184248924255
4.200542167259183e-09	0.07882427424192429	0.7017545104026794	0.7080447673797607
4.310403341106507e-09	0.08103973418474197	0.6856727004051208	0.7233848571777344
4.419855793074535e-09	0.08325497061014175	0.6692492961883545	0.7383589744567871
4.528911532527257e-09	0.08546987175941467	0.6524914503097534	0.752960741519928
4.601384817714874e-09	0.08694601058959961	0.6411397457122803	0.7624830007553101
4.709777551925204e-09	0.08916020393371582	0.6238446235656738	0.7764461040496826
4.817753754187473e-09	0.09137362986803055	0.6062425971031189	0.7900131344795227
4.9253387345838456e-09	0.09358656406402588	0.58833909034729	0.8031803965568542
5.032525274135102e-09	0.09579882770776749	0.5701450109481812	0.8159396052360535
5.103765555859251e-09	0.09727329760789871	0.5578583478927612	0.8242160081863403
5.210304882044686e-09	0.09948448836803436	0.5391989946365356	0.8362818360328674
5.316465768251939e-09	0.1016952395439148	0.5202721357345581	0.847923994064331
5.422242824021011e-09	0.10390534996986389	0.5010890364646912	0.8591352701187134
5.527641561553227e-09	0.1061149388551712	0.48165905475616455	0.869910478591919
5.63267196307433e-09	0.10832391679286957	0.4619908332824707	0.8802444934844971
5.702478224555807e-09	0.10979608446359634	0.44875332713127136	0.8868851661682129
5.806889678430649e-09	0.11200390756130219	0.4287126064300537	0.8964712619781494
5.910928380654166e-09	0.11421088129281998	0.40846318006515503	0.9056013226509094
6.014600335049779e-09	0.1164170652627945	0.3880148231983185	0.9142711162567139
6.117925732259231e-09	0.11862275004386902	0.3673745393753052	0.9224774837493896
6.2208933912200195e-09	0.12082771211862564	0.3465557098388672	0.9302150011062622
6.323491978902906e-09	0.12303157150745392	0.3255719542503357	0.9374786615371704
6.425754065364166e-09	0.1252349317073822	0.30442801117897034	0.9442667961120605
6.527662204762136e-09	0.1274375021457672	0.2831389009952545	0.9505746364593506
6.629220979393833e-09	0.129639133810997	0.2617151439189911	0.9563989639282227
6.730439287271748e-09	0.13183990120887756	0.2401665598154068	0.9617371559143066
6.831327732694126e-09	0.13404013216495514	0.2185024619102478	0.9665867686271667
6.931871695922444e-09	0.13623936474323273	0.19673776626586914	0.9709445238113403
7.0320747176635e-09	0.13843750953674316	0.17488352954387665	0.9748081564903259
7.131952466964819e-09	0.1406349241733551	0.15294814109802246	0.9781762957572937
7.231499802333305e-09	0.14283138513565063	0.13094455003738403	0.9810467958450317
7.330730548114717e-09	0.14502716064453125	0.10888168215751648	0.9834185838699341
7.429634202891492e-09	0.1472218781709671	0.0867738276720047	0.9852898716926575
7.528214412891339e-09	0.14941558241844177	0.06463216990232468	0.9866598844528198
7.626478029293888e-09	0.15160837769508362	0.042467087507247925	0.9875279664993286
7.72442287969041e-09	0.1538000851869583	0.02029113844037056	0.9878935813903809
7.82205168872998e-09	0.15599073469638824	-0.0018842797726392746	0.9877567291259766
7.919373037811964e-09	0.15818041563034058	-0.024049080908298492	0.987117350101471
8.016385640128973e-09	0.16036905348300934	-0.04619094729423523	0.9859757423400879
8.113093633559516e-09	0.16255664825439453	-0.0682988166809082	0.9843326210975647
8.209496555981629e-09	0.1647430956363678	-0.09036066383123398	0.9821887612342834
8.305599441486352e-09	0.16692854464054108	-0.11236555874347687	0.9795452356338501
8.40139839345375e-09	0.16911271214485168	-0.13430079817771912	0.9764037132263184
8.528673067647054e-09	0.1720232367515564	-0.16342231631278992	0.9714428186416626
8.623789256124541e-09	0.17420487105846405	-0.18515470623970032	0.967145562171936
8.718609569697732e-09	0.17638520896434784	-0.20677971839904785	0.962356686592102
8.813142788134208e-09	0.1785643845796585	-0.2282876819372177	0.9570785760879517
8.9073891191579e-09	0.18074238300323486	-0.2496669888496399	0.9513142108917236
9.00134593434106e-09	0.18291902542114258	-0.27090537548065186	0.9450665712356567
9.126186079790532e-09	0.18581929802894592	-0.298987478017807	0.9359903335571289
9.219489148985785e-09	0.18799304962158203	-0.31985732913017273	0.9286279678344727
9.31251742135067e-09	0.19016560912132263	-0.340551495552063	0.9207941293716431
9.405265806558139e-09	0.19233667850494385	-0.3610575795173645	0.9124933481216431
9.528513576160474e-09	0.19522956013679504	-0.388091504573822	0.9007055759429932
9.620628917633143e-09	0.19739754498004913	-0.40812015533447266	0.8913317322731018
9.71248127627093e-09	0.19956424832344055	-0.4279278516769409	0.8815054893493652
9.804067862267726e-09	0.20172962546348572	-0.44750314950942993	0.8712325096130371
9.925768445229392e-09	0.20461449027061462	-0.47322338819503784	0.8568503856658936
1.0016736611098848e-08	0.20677661895751953	-0.49221575260162354	0.8455573320388794
1.0107437825441594e-08	0.20893694460391998	-0.5109406113624573	0.833837628364563
1.0227980954180541e-08	0.21181532740592957	-0.5354783535003662	0.8175556659698486
1.0318101648731755e-08	0.2139725685119629	-0.5535485744476318	0.8048601150512695
1.0407958251400746e-08	0.21612820029258728	-0.5713186264038086	0.7917598485946655
1.052737564376882e-08	0.21900002658367157	-0.5945324897766113	0.7736731767654419
1.0616645509893669e-08	0.22115199267864227	-0.6115710139274597	0.7596530914306641
1.0705682712274071e-08	0.2233027219772339	-0.6282839775085449	0.7452484369277954
1.0824013674130242e-08	0.22616782784461975	-0.6500414609909058	0.7254613637924194
1.0912473199527371e-08	0.22831478714942932	-0.6659533977508545	0.7101960778236389
1.1000711026861915e-08	0.23046034574508667	-0.6815121173858643	0.6945712566375732
1.1117991316949339e-08	0.2333189845085144	-0.7016884088516235	0.6731981039047241
1.1205667722747695e-08	0.23546084761619568	-0.7163825631141663	0.656775712966919
1.1322196834563886e-08	0.23831364512443542	-0.7353764772415161	0.6343722343444824
1.1409325946832008e-08	0.24045154452323914	-0.7491651773452759	0.6171990633010864
1.1525128850760933e-08	0.24329908192157745	-0.7669250965118408	0.5938279032707214
1.161172592540602e-08	0.24543312191963196	-0.7797701358795166	0.575952410697937
1.1726835076042469e-08	0.24827560782432556	-0.7962485551834106	0.5516769886016846
1.181290364102655e-08	0.250405490398407	-0.808112621307373	0.5331520438194275
1.1927317576144907e-08	0.25324249267578125	-0.8232607245445251	0.5080454349517822
1.2012875986964752e-08	0.25536829233169556	-0.8341114521026611	0.4889225363731384
1.2126609039749922e-08	0.25819969177246094	-0.8478864431381226	0.4630568027496338
1.2211675318196466e-08	0.260321706533432	-0.8576939105987549	0.44338905811309814
1.2324741550741734e-08	0.2631474733352661	-0.8700569272041321	0.41683846712112427
1.2409295107986126e-08	0.26526468992233276	-0.878790020942688	0.396689772605896
1.2521720174475099e-08	0.268085241317749	-0.8897075653076172	0.3695278763771057
1.2605788962651035e-08	0.27019834518432617	-0.8973435163497925	0.3489519953727722
1.2717562947566166e-08	0.2730128765106201	-0.9067823886871338	0.3212626576423645
1.2801154593054829e-08	0.2751215696334839	-0.9132996797561646	0.3003195524215698
1.2912296167939219e-08	0.27793025970458984	-0.9212340116500854	0.2721813917160034
1.3023082144805573e-08	0.28073549270629883	-0.9282983541488647	0.24382327497005463
1.3105928962832637e-08	0.2828368842601776	-0.9330211877822876	0.22242942452430725
1.321609594994379e-08	0.28563588857650757	-0.9385479688644409	0.19375252723693848
1.3325921016806642e-08	0.2884315252304077	-0.9431891441345215	0.1649290919303894
1.3408061087959911e-08	0.29052579402923584	-0.9460861682891846	0.14323356747627258
1.3517282271600966e-08	0.2933151125907898	-0.9491676688194275	0.11422330141067505
1.3626170377447502e-08	0.2961008548736572	-0.9513543844223022	0.08514244854450226
1.3707618230352597e-08	0.298187792301178	-0.9524058699607849	0.06330252438783646
1.381592527376634e-08	0.30096712708473206	-0.953022301197052	0.03416632115840912
1.3923903296958459e-08	0.30374273657798767	-0.9527407884597778	0.005037141032516956
1.400467358333244e-08	0.3058219850063324	-0.9519407153129578	-0.01678866147994995
1.411208577164504e-08	0.30859097838401794	-0.950089693069458	-0.04583925008773804
1.4219179309259378e-08	0.31135621666908264	-0.9473443031311035	-0.074806809425354
1.4325951019724834e-08	0.3141174912452698	-0.9437079429626465	-0.10366176068782806
1.4405827139042319e-08	0.31618598103523254	-0.9403977394104004	-0.12521442770957947
1.4512055300269324e-08	0.31894052028656006	-0.9352109432220459	-0.15380963683128357
1.4617973724583558e-08	0.32169103622436523	-0.9291456341743469	-0.18221765756607056
1.4723586340820848e-08	0.32443755865097046	-0.9222078323364258	-0.21041156351566315
1.4802591613878167e-08	0.3264946937561035	-0.916436493396759	-0.2313987910747528
1.4907662897604207e-08	0.3292337954044342	-0.9079904556274414	-0.2591494917869568
1.5012435740279666e-08	0.3319687843322754	-0.8986936807632446	-0.2866120934486389
1.511693956582096e-08	0.3347003161907196	-0.8885527849197388	-0.31376704573631287
1.5221133322807628e-08	0.3374272584915161	-0.8775821328163147	-0.3405768573284149
1.5325045299300145e-08	0.3401501774787903	-0.8657901287078857	-0.36702239513397217
1.5402797698035005e-08	0.3421896994113922	-0.8564139008522034	-0.386602520942688
1.550621163340392e-08	0.3449052572250366	-0.8432145118713379	-0.41234657168388367
1.5609348911760306e-08	0.3476165533065796	-0.8292282819747925	-0.4376565217971802
1.5712197654425303e-08	0.3503233790397644	-0.8144711256027222	-0.4625042974948883
1.5814777120639973e-08	0.3530259132385254	-0.7989556193351746	-0.48687028884887695
1.5917091851964934e-08	0.35572439432144165	-0.7826966047286987	-0.510731041431427
1.6019123121092613e-08	0.35841816663742065	-0.7657138109207153	-0.5340588092803955
1.6120887779486847e-08	0.3611074686050415	-0.7480219602584839	-0.5568345785140991
1.6222407543069684e-08	0.36379286646842957	-0.7296349406242371	-0.5790402889251709
1.6323655276843355e-08	0.36647331714630127	-0.7105766534805298	-0.6006481051445007
1.6424654510002467e-08	0.36914974451065063	-0.6908619403839111	-0.6216416358947754
1.650023451646526e-08	0.37115412950515747	-0.6756584644317627	-0.6369696855545044
1.6600780420731185e-08	0.3738223910331726	-0.6548473834991455	-0.656834602355957
1.6701071241885734e-08	0.37648606300354004	-0.633438229560852	-0.6760283708572388
1.6801119790053462e-08	0.3791453242301941	-0.6114498972892761	-0.6945342421531677
1.69009354978982e-08	0.38180026412010193	-0.5889028906822205	-0.7123355865478516
1.700047521308747e-08	0.3844497501850128	-0.5658299922943115	-0.7294071912765503
1.712455784581493e-08	0.3877548575401306	-0.5362751483917236	-0.7497034072875977
1.7223574040120846e-08	0.3903941512107849	-0.5120838284492493	-0.7650899291038513
1.7322322822043677e-08	0.3930278718471527	-0.48744404315948486	-0.779697060585022
1.7420853218624842e-08	0.3956572413444519	-0.4623686969280243	-0.7935178279876709
1.7519162515852642e-08	0.3982820510864258	-0.4368840754032135	-0.8065382242202759
1.761724726253776e-08	0.40090203285217285	-0.4110170006752014	-0.8187445402145386
1.7715123355291334e-08	0.4035176634788513	-0.3847896456718445	-0.8301267623901367
1.7812756020481972e-08	0.4061279296875	-0.3582383990287781	-0.8406696319580078
1.7910168613289335e-08	0.4087333679199219	-0.3313840627670288	-0.8503656387329102
1.800736139221731e-08	0.4113338887691498	-0.3042542636394501	-0.8592053055763245
1.810434295843295e-08	0.4139295816421509	-0.276874303817749	-0.8671810626983643
1.820110286616907e-08	0.41652005910873413	-0.24927526712417603	-0.8742841482162476
1.8321761842132405e-08	0.4197513461112976	-0.21450597047805786	-0.881927490234375
1.8418047392117725e-08	0.42233049869537354	-0.18651139736175537	-0.8870459794998169
1.8514130542925224e-08	0.4249047636985779	-0.15838518738746643	-0.8912744522094727
1.8609992289965676e-08	0.4274734854698181	-0.13016197085380554	-0.8946084976196289
1.8705672826056256e-08	0.4300377368927002	-0.101858951151371	-0.8970464468002319
1.880115295905116e-08	0.4325968623161316	-0.07351099699735641	-0.8985856771469116
1.892021727339176e-08	0.4357883334159851	-0.03805850073695183	-0.8992442488670349
1.9015249910556364e-08	0.43833571672439575	-0.009715301916003227	-0.8987588882446289
1.911008947373405e-08	0.44087785482406616	0.018579915165901184	-0.8973747491836548
1.9204735617393667e-08	0.44341474771499634	0.046797771006822586	-0.8950940370559692
1.9322778576633695e-08	0.4465785622596741	0.08191903680562973	-0.8909865021705627
1.9416998703830517e-08	0.44910353422164917	0.10985912382602692	-0.8867000341415405
1.951103664253472e-08	0.4516233205795288	0.13763071596622467	-0.8815294504165649
1.9604887607816953e-08	0.4541376233100891	0.16520364582538605	-0.8754809498786926
1.9721938836838846e-08	0.4572727680206299	0.19934695959091187	-0.8666962385177612
1.9815380309796352e-08	0.4597749412059784	0.22637200355529785	-0.8586983680725098
1.9908642940485723e-08	0.4622715711593628	0.2531086802482605	-0.8498477339744568
2.0001720042599212e-08	0.46476250886917114	0.27952736616134644	-0.8401549458503723
2.0117839183150417e-08	0.46786898374557495	0.3120713233947754	-0.8268676996231079
2.0210544012456276e-08	0.4703480303287506	0.3376874327659607	-0.8153159022331238
2.0303059427292813e-08	0.47282108664512634	0.3628968298435211	-0.8029609322547913
2.0418480022997115e-08	0.4759048819541931	0.3938080668449402	-0.7864030599594116
2.051061258746199e-08	0.4783651828765869	0.41801878809928894	-0.7722868919372559
2.060257747432365e-08	0.4808197319507599	0.4417453706264496	-0.757412314414978
2.0717336986148868e-08	0.48388099670410156	0.47069478034973145	-0.7377707958221436
2.0808950448393443e-08	0.48632317781448364	0.4932486414909363	-0.7212458848953247
2.0900395863426958e-08	0.48875942826271057	0.5152398347854614	-0.7040185928344727
2.1014500739421153e-08	0.4917972981929779	0.5419110059738159	-0.6815187931060791
2.1105627082065665e-08	0.494221568107605	0.562567412853241	-0.6627691984176636
2.1219307923162348e-08	0.4972434937953949	0.5874946713447571	-0.6384347677230835
2.131007234113232e-08	0.4996543228626251	0.6066972017288208	-0.6182751655578613
2.1400682508446157e-08	0.5020592212677002	0.6252225041389465	-0.5975227952003479
2.15137264699967e-08	0.5050568580627441	0.6473970413208008	-0.570784330368042
2.160403602472077e-08	0.5074493288993835	0.6643380522727966	-0.5487715601921082
2.1716705466601185e-08	0.5104314088821411	0.684475302696228	-0.5205317735671997
2.1806659509091933e-08	0.5128098726272583	0.699732780456543	-0.4973933696746826
2.1918950178130046e-08	0.5157757997512817	0.7177256345748901	-0.46780914068222046
2.2008617737945208e-08	0.518141508102417	0.7312312722206116	-0.44365549087524414
2.2120512411027277e-08	0.5210905075073242	0.7469823360443115	-0.4128947854042053
2.2209868780037193e-08	0.5234427452087402	0.7586616277694702	-0.38786637783050537
2.232138939280501e-08	0.5263749957084656	0.7720922231674194	-0.3560940623283386
2.2410450074691936e-08	0.5287137031555176	0.7818869352340698	-0.33032527565956116
2.2521627554204616e-08	0.5316296815872192	0.7929310202598572	-0.29770857095718384
2.2610405804006574e-08	0.5339550971984863	0.8007917404174805	-0.27133870124816895
2.2721218858374466e-08	0.5368538498878479	0.809390664100647	-0.2380649894475937
2.2809733331099863e-08	0.5391660928726196	0.8152790069580078	-0.21123501658439636
2.2920204182231527e-08	0.5420477986335754	0.8213914632797241	-0.1774829775094986
2.3008442636074325e-08	0.5443463325500488	0.8252776861190796	-0.15034610033035278
2.3118582865540143e-08	0.5472110509872437	0.8288753032684326	-0.11630040407180786
2.320656420363066e-08	0.5494959950447083	0.830742359161377	-0.08900245279073715
2.331637778614954e-08	0.5523433685302734	0.8318101167678833	-0.05485218018293381
2.340410470299005e-08	0.5546144843101501	0.8316513895988464	-0.0275447778403759
2.3513607555114045e-08	0.55744469165802	0.8301884531974792	0.006523709278553724
2.3601086077437815e-08	0.5597019195556641	0.8280090093612671	0.03368952125310898
2.371028236673209e-08	0.56251460313797	0.824028491973877	0.06748668104410172
2.381931701422435e-08	0.5653177499771118	0.8186600208282471	0.10105353593826294
2.390641962732093e-08	0.5675530433654785	0.8133735656738281	0.12769949436187744
2.401515212109897e-08	0.570338249206543	0.8055366277694702	0.16070201992988586
2.410202912589392e-08	0.5725594758987427	0.798292875289917	0.18682679533958435
2.4210485347041702e-08	0.5753272175788879	0.7880352139472961	0.21908709406852722
2.43187894917199e-08	0.5780851244926453	0.7764590382575989	0.25085633993148804
2.440532469865069e-08	0.5802844762802124	0.7662632465362549	0.27588140964508057
2.4513363942526167e-08	0.5830246806144714	0.7523695826530457	0.3066304326057434
2.46212414143985e-08	0.5857548117637634	0.7372260093688965	0.33673322200775146
2.4707449360511303e-08	0.5879318714141846	0.7242271304130554	0.3603209853172302
2.481506398750226e-08	0.5906438827514648	0.706903338432312	0.38913679122924805
2.490106075310896e-08	0.5928064584732056	0.6922010183334351	0.4116288125514984
2.5008424276152068e-08	0.5955004096031189	0.6728001832962036	0.4389980435371399
2.511567078533348e-08	0.5981848239898682	0.6522908210754395	0.4655015170574188
2.520137036608657e-08	0.6003249883651733	0.6351132988929749	0.4860464334487915
2.5308363365993448e-08	0.6029907464981079	0.6127142906188965	0.5108652710914612
2.541523841235329e-08	0.6056468486785889	0.5893183946609497	0.5346922874450684
2.5500637019964518e-08	0.6077640056610107	0.5699167251586914	0.5530080795288086
2.5607321278500557e-08	0.6104025840759277	0.5448315143585205	0.5749499201774597
2.571381749649666e-08	0.6130293607711792	0.5188918709754944	0.5957736968994141
2.582023037830121e-08	0.6156468391418457	0.49212104082107544	0.6154639720916748
2.5905276895594386e-08	0.6177334785461426	0.4701448678970337	0.6303722262382507
2.601150693852347e-08	0.6203333139419556	0.442011296749115	0.6479295492172241
2.611760188267164e-08	0.6229221820831299	0.413202166557312	0.6642528772354126
2.6202380924047986e-08	0.6249855160713196	0.3897048830986023	0.676404595375061
2.630829005781726e-08	0.627556324005127	0.35980090498924255	0.6904465556144714
2.641409789106053e-08	0.6301169991493225	0.3293655812740326	0.7031862735748291
2.6519788470636037e-08	0.632667064666748	0.2984604835510254	0.7146004438400269
2.660428060618211e-08	0.6346999406814575	0.2734299898147583	0.7227669954299927
2.670982578158733e-08	0.63723224401474	0.24180597066879272	0.7317547798156738
2.6815268105257904e-08	0.639754056930542	0.20987160503864288	0.7393704652786255
2.692061445212721e-08	0.6422655582427979	0.17768478393554688	0.7456026077270508
2.7004834480724228e-08	0.6442674398422241	0.151790589094162	0.7495859861373901
2.7110023418200303e-08	0.6467604637145996	0.11929746717214584	0.7533054947853088
2.7215133864303944e-08	0.6492431163787842	0.08671671152114868	0.7556213140487671
2.732015437156371e-08	0.6517154574394226	0.05411315709352493	0.75653076171875
2.7404115725246962e-08	0.653685986995697	0.028052236884832382	0.7562458515167236
2.7508997564127904e-08	0.6561396718025208	-0.004444227088242769	0.7546263933181763
2.7613798127208828e-08	0.6585829257965088	-0.036793965846300125	0.75160813331604
2.7718523529337906e-08	0.6610157489776611	-0.06893765181303024	0.7471985816955566
2.78022480161647e-08	0.662954568862915	-0.09446269273757935	0.742676317691803
2.790683940986358e-08	0.6653686761856079	-0.12608247995376587	0.7357905507087708
2.8011369223044888e-08	0.667772650718689	-0.157330721616745	0.7275484800338745
2.8115822834452137e-08	0.6701659560203552	-0.18814384937286377	0.7179690599441528
2.822021773618573e-08	0.6725490093231201	-0.21846817433834076	0.7070711851119995
2.8303690435475633e-08	0.6744479537010193	-0.24233654141426086	0.6974188089370728
2.8407963334300853e-08	0.676811933517456	-0.27163171768188477	0.6842089295387268
2.8512178086061527e-08	0.6791656017303467	-0.30027899146080017	0.6697512269020081
2.8616332661324457e-08	0.6815086603164673	-0.3282233476638794	0.6540760397911072
2.8720442949878272e-08	0.6838414669036865	-0.3554157018661499	0.6372131109237671
2.8803701717730574e-08	0.6857004165649414	-0.37659335136413574	0.6228903532028198
2.890773495230623e-08	0.688014805316925	-0.4023016691207886	0.603977620601654
2.9011709932615027e-08	0.6903185248374939	-0.427112340927124	0.5839823484420776
2.911563260412715e-08	0.6926116943359375	-0.450979083776474	0.5629449486732483
2.9219474769884572e-08	0.6948935389518738	-0.4738505184650421	0.5409146547317505
2.93025307332742e-08	0.6967117786407471	-0.49141067266464233	0.5225975513458252
2.9406318471398847e-08	0.6989753246307373	-0.512401819229126	0.498876690864563
2.9510087490608784e-08	0.701228678226471	-0.5322930812835693	0.4742810130119324
2.9613813419936224e-08	0.7034714221954346	-0.5510416030883789	0.4488665461540222
2.971749703769959e-08	0.7057034373283386	-0.5686120390892029	0.42268556356430054
2.9800419214551196e-08	0.7074815034866333	-0.5817986726760864	0.4012235105037689
2.990405908827099e-08	0.7096951007843018	-0.5971710085868835	0.37379100918769836
3.000765850553033e-08	0.7118979096412659	-0.6112781763076782	0.34574612975120544
3.011125039309441e-08	0.7140907049179077	-0.6240978240966797	0.31713783740997314
3.021482671350409e-08	0.716273307800293	-0.6356045007705688	0.28802698850631714
3.031837006199786e-08	0.7184450626373291	-0.6457750797271729	0.2584788203239441
3.040117449039101e-08	0.7201746106147766	-0.6529366374015808	0.23456838726997375
3.0504684526718114e-08	0.7223276495933533	-0.6606597900390625	0.20438042283058167
3.060818219423956e-08	0.724470317363739	-0.6670035123825073	0.17392270267009735
3.071165261809362e-08	0.7266021966934204	-0.6719561219215393	0.1432628035545349
3.081511346664829e-08	0.7287237644195557	-0.675510585308075	0.1124594658613205
3.0918564532976464e-08	0.7308349609375	-0.6776618361473083	0.08157681673765182
3.100132113501015e-08	0.7325164079666138	-0.6783709526062012	0.056856073439121246
3.11047587781586e-08	0.7346087694168091	-0.6779929399490356	0.02599204145371914
3.120819266120555e-08	0.7366907596588135	-0.6762129664421082	-0.004772197920829058
3.131162567015332e-08	0.7387623190879822	-0.6730371713638306	-0.035373054444789886
3.1415049457402026e-08	0.7408233880996704	-0.6684747934341431	-0.06574393808841705
3.1518477481620116e-08	0.7428740859031677	-0.6625373959541321	-0.09582486748695374
3.16012189934104e-08	0.7445070743560791	-0.6568076610565186	-0.11963700503110886
3.170464416415566e-08	0.7465388774871826	-0.648435652256012	-0.14903363585472107
3.180807896064894e-08	0.7485603094100952	-0.6387374401092529	-0.17796623706817627
3.191151154856859e-08	0.7505711317062378	-0.6277374029159546	-0.20637041330337524
3.2014956756616883e-08	0.7525715827941895	-0.6154599189758301	-0.2341899871826172
3.21184152636744e-08	0.7545619010925293	-0.6019335985183716	-0.2613663375377655
3.220118325210126e-08	0.7561463117599487	-0.5902355909347534	-0.2826034426689148
3.230468244918663e-08	0.758118212223053	-0.5745396614074707	-0.308481901884079
3.24081767274906e-08	0.7600792646408081	-0.5576924085617065	-0.333554744720459
3.251170124229963e-08	0.7620300650596619	-0.5397272109985352	-0.35777735710144043
3.261523236082375e-08	0.7639704346656799	-0.5206894874572754	-0.38109275698661804
3.271878147394633e-08	0.7659002542495728	-0.5006211996078491	-0.4034540057182312
3.280165718490037e-08	0.767437219619751	-0.4838508367538452	-0.4206288456916809
3.290527570804677e-08	0.7693489789962769	-0.462037593126297	-0.44116154313087463
3.300889951402693e-08	0.7712500691413879	-0.4393312633037567	-0.4606098532676697
3.311257462216484e-08	0.7731412649154663	-0.41577398777008057	-0.4789411425590515
3.321628978668237e-08	0.7750223278999329	-0.391422301530838	-0.49611401557922363
3.332003055219564e-08	0.7768929600715637	-0.36633560061454773	-0.5120894908905029
3.3403033977495124e-08	0.7783818244934082	-0.3457779288291931	-0.5239841938018799
3.3506826566091416e-08	0.7802337408065796	-0.31951403617858887	-0.5377230644226074
3.3610641597634694e-08	0.7820752263069153	-0.292682409286499	-0.5501775741577148
3.371452460969227e-08	0.7839070558547974	-0.26533329486846924	-0.5613270998001099
3.3818450303866105e-08	0.7857285141944885	-0.23753651976585388	-0.5711454153060913
3.390161154007853e-08	0.7871782779693604	-0.21502262353897095	-0.5780274271965027
3.400562227944022e-08	0.788981556892395	-0.18658097088336945	-0.585402250289917
3.410967564744935e-08	0.7907745242118835	-0.1578744351863861	-0.5913977026939392
3.4213774868267896e-08	0.7925574779510498	-0.1289692223072052	-0.5960029363632202
3.43179312098946e-08	0.794330358505249	-0.0999298244714737	-0.5992106199264526
3.4401297046093525e-08	0.7957414388656616	-0.07664720714092255	-0.6007667779922485
3.450555510849945e-08	0.7974962592124939	-0.04753764718770981	-0.6014482975006104
3.460986474658246e-08	0.7992409467697144	-0.018486017361283302	-0.6007265448570251
3.47142324478184e-08	0.8009754419326782	0.010440953075885773	-0.5986062288284302
3.481865915209025e-08	0.8026999235153198	0.03917565196752548	-0.5950950980186462
3.490225081190363e-08	0.804072380065918	0.06198136508464813	-0.5912917852401733
3.5006794505558666e-08	0.8057788610458374	0.09020226448774338	-0.585306704044342
3.511140414734072e-08	0.8074755072593689	0.11804420500993729	-0.5779697299003601
3.5216079870386074e-08	0.8091620206832886	0.14544126391410828	-0.5693010687828064
3.532082071516176e-08	0.8108385801315308	0.1723281741142273	-0.5593245625495911
3.540467628349381e-08	0.8121727705001831	0.19343140721321106	-0.5504178404808044
3.5509526573495376e-08	0.813831090927124	0.2192380130290985	-0.5381577014923096
3.5614465791594995e-08	0.8154797554016113	0.24436485767364502	-0.5246700048446655
3.5719477447882555e-08	0.8171184659004211	0.2687479257583618	-0.5099921822547913
3.580355944924187e-08	0.8184225559234619	0.2876843810081482	-0.4974155128002167
3.590870920937194e-08	0.8200434446334839	0.3105848729610443	-0.4806930124759674
3.6013946645756105e-08	0.8216546177864075	0.33258676528930664	-0.4628927707672119
3.6119253030183495e-08	0.8232558369636536	0.3536336123943329	-0.4440644383430481
3.620357032224323e-08	0.8245298862457275	0.3697538375854492	-0.42829036712646484
3.630906428512429e-08	0.8261138200759888	0.38896822929382324	-0.40772491693496704
3.641463236428302e-08	0.8276879787445068	0.4070935845375061	-0.3862738609313965
3.652028709290909e-08	0.829252302646637	0.42408889532089233	-0.36399078369140625
3.660487700975837e-08	0.8304967284202576	0.4368447959423065	-0.34560346603393555
3.671070851867945e-08	0.8320437669754028	0.4517090916633606	-0.3219660222530365
3.681661638492035e-08	0.8335808515548706	0.4653359651565552	-0.29766660928726196
3.690142631868426e-08	0.8348038196563721	0.47532862424850464	-0.27778658270835876
3.700754081555933e-08	0.8363239765167236	0.48665791749954224	-0.252440869808197
3.7113755870679416e-08	0.8378345370292664	0.4966704249382019	-0.22660957276821136
3.7220047795608164e-08	0.8393350839614868	0.5053414106369019	-0.20036627352237701
3.7305164089496e-08	0.8405288457870483	0.5113015174865723	-0.17911463975906372
3.741167123059737e-08	0.8420127034187317	0.5175170302391052	-0.15228554606437683
3.7518287621779134e-08	0.8434869647026062	0.5223472118377686	-0.12523220479488373
3.760366479892733e-08	0.844659686088562	0.5252076387405396	-0.10347461700439453
3.771047585591531e-08	0.846116840839386	0.5275225639343262	-0.07619881629943848
3.781739825775256e-08	0.8475645780563354	0.5284346342086792	-0.048899829387664795
3.790301788255079e-08	0.8487160205841064	0.5281546115875244	-0.027092285454273224
3.801015754115551e-08	0.8501468896865845	0.5265455842018127	6.981160549912602e-05
3.811741266755089e-08	0.8515684604644775	0.5235450267791748	0.027052976191043854
3.820329870506531e-08	0.8526988625526428	0.5201501250267029	0.0484619215130806
3.8310768034282425e-08	0.8541035056114197	0.5146753787994385	0.07494315505027771
3.841835773560139e-08	0.8554987907409668	0.5078498721122742	0.10104604065418243
3.8504530110365225e-08	0.856608510017395	0.5014302730560303	0.12161219120025635
3.861235861938004e-08	0.8579873442649841	0.49222853779792786	0.14686349034309387
3.8720309673676856e-08	0.8593567609786987	0.4817456901073456	0.17154330015182495
3.8806752582842105e-08	0.860445499420166	0.472459077835083	0.19082960486412048
3.8914933302846575e-08	0.8617984056472778	0.45975232124328613	0.21431633830070496
3.900158345958202e-08	0.8628741502761841	0.44873109459877014	0.23256969451904297
3.9109993792914204e-08	0.8642103672027588	0.43392401933670044	0.25465744733810425
3.921856306382084e-08	0.865537703037262	0.41800642013549805	0.27588969469070435
3.9305518124722015e-08	0.8665931224822998	0.4045063853263855	0.29221755266189575
3.9414328557966586e-08	0.8679039478302002	0.3867173194885254	0.31175708770751953
3.950149318419206e-08	0.8689463138580322	0.3717840015888214	0.32666343450546265
3.961059289923128e-08	0.8702413439750671	0.3522862195968628	0.34434646368026733
3.971981213555391e-08	0.8715270757675171	0.3319265842437744	0.36092299222946167
3.98073081782275e-08	0.872549295425415	0.31505241990089417	0.37336266040802
3.9916809242035676e-08	0.87381911277771	0.29328304529190063	0.387846976518631
4.000451910146359e-08	0.874828577041626	0.2753659188747406	0.39855825901031494
4.011426882434942e-08	0.8760820627212524	0.25240352749824524	0.41081953048706055
4.020221120479657e-08	0.8770788908004761	0.233612522482872	0.4197115898132324
4.03122631609957e-08	0.8783167600631714	0.20966792106628418	0.4296500086784363
4.040043721438091e-08	0.8793008327484131	0.19018492102622986	0.4366459846496582
4.0510805223415507e-08	0.8805232644081116	0.16548669338226318	0.4441768527030945
4.06213334614622e-08	0.8817367553710938	0.14047664403915405	0.45034050941467285
4.070986735006484e-08	0.8827012777328491	0.12029557675123215	0.45427680015563965
4.082069115515986e-08	0.8838992118835449	0.09491296112537384	0.4579452574253082
4.090947281823701e-08	0.8848512172698975	0.07453030347824097	0.45987340807914734
4.102061259878333e-08	0.8860336542129517	0.04901896044611931	0.4610222578048706
4.110964514729496e-08	0.8869734406471252	0.028633963316679	0.46093207597732544
4.12210968532577e-08	0.8881403207778931	0.0032456268090754747	0.45956090092658997
4.131038063587448e-08	0.8890677690505981	-0.016940878704190254	0.4574621915817261
4.142214538817661e-08	0.8902192115783691	-0.04195570945739746	0.4535961449146271
4.1511691676543385e-08	0.8911343812942505	-0.06174656003713608	0.44951850175857544
4.1601354054718325e-08	0.8920441269874573	-0.0812980979681015	0.44457611441612244
4.171360083900838e-08	0.8931738138198853	-0.10534359514713287	0.4371994733810425
4.18035244388423e-08	0.8940713405609131	-0.12421676516532898	0.430356502532959
4.1916086163632595e-08	0.8951855897903442	-0.1472931206226349	0.42065125703811646
4.20062648645303e-08	0.8960709571838379	-0.16529865562915802	0.4119868874549866
4.211918306118858e-08	0.8971704244613647	-0.18718385696411133	0.40005940198898315
4.2209657526651654e-08	0.8980439901351929	-0.20414909720420837	0.38966673612594604
4.230026417580889e-08	0.8989124298095703	-0.22059661149978638	0.3785415589809418
4.2413686507591387e-08	0.8999903202056885	-0.24037441611289978	0.36364495754241943
4.250456430640613e-08	0.9008467197418213	-0.2555345594882965	0.3509663939476013
4.261833882433369e-08	0.9019097089767456	-0.27360814809799194	0.3342115879058838
4.2709506577481895e-08	0.9027543067932129	-0.2873317301273346	0.3201172351837158
4.280080809113612e-08	0.9035937786102295	-0.30037227272987366	0.3054419159889221
4.2915127596058284e-08	0.9046359062194824	-0.31567347049713135	0.2863287329673767
4.300673406715722e-08	0.9054638147354126	-0.3270847797393799	0.2704642415046692
4.3121419689815834e-08	0.9064912796020508	-0.34027352929115295	0.24997496604919434
4.3213338174152204e-08	0.9073076844215393	-0.3499419093132019	0.23309534788131714
4.330537635568202e-08	0.9081188440322876	-0.35880178213119507	0.21582743525505066
4.3420624500610324e-08	0.9091256856918335	-0.36871686577796936	0.19374854862689972
4.3512981119763786e-08	0.9099253416061401	-0.37570205330848694	0.17573782801628113
4.3605494307992764e-08	0.9107202291488647	-0.3818320035934448	0.15745800733566284
4.3721319859161914e-08	0.9117065668106079	-0.3882720470428467	0.13429833948612213
4.381415688913562e-08	0.9124901294708252	-0.3924362361431122	0.11556678265333176
4.390712781798257e-08	0.9132685661315918	-0.39571326971054077	0.09670373797416687
4.400025316298787e-08	0.9140421152114868	-0.3980986475944519	0.07774679362773895
4.4116863944048e-08	0.9150019884109497	-0.39982110261917114	0.05398552864789963
4.421032176913578e-08	0.9157643914222717	-0.4001903831958771	0.03497501462697983
4.4303926522405116e-08	0.9165219068527222	-0.3996641933917999	0.016009818762540817
4.442115376717173e-08	0.9174618721008301	-0.3977518379688263	-0.007571289781481028
4.4515102594383445e-08	0.9182083606719971	-0.39522504806518555	-0.026281949132680893
4.460921433415047e-08	0.9189499616622925	-0.39181995391845703	-0.044812947511672974
4.470347569469682e-08	0.9196866750717163	-0.38754650950431824	-0.06311984360218048
4.482152287858951e-08	0.9206008911132812	-0.38100147247314453	-0.08562706410884857
4.491613114520959e-08	0.9213266968727112	-0.37482011318206787	-0.10328115522861481
4.501089691992945e-08	0.9220477938652039	-0.36781564354896545	-0.12058025598526001
4.5105823450696775e-08	0.9227640628814697	-0.3600058853626251	-0.1374855637550354
4.5200912674258145e-08	0.9234756231307983	-0.3514106869697571	-0.15395909547805786
4.532001505570284e-08	0.9243584871292114	-0.3395943343639374	-0.17388853430747986
4.541545794270854e-08	0.9250592589378357	-0.3293159008026123	-0.18925246596336365
4.551108173181425e-08	0.9257554411888123	-0.31832781434059143	-0.2040693759918213
4.560686280836906e-08	0.9264469146728516	-0.30666041374206543	-0.2183016538619995
4.570278923106469e-08	0.9271335005760193	-0.29434478282928467	-0.23191514611244202
4.582298223468671e-08	0.9279856085777283	-0.2780756950378418	-0.24802559614181519
4.591933861600228e-08	0.9286621809005737	-0.26440364122390747	-0.2601488530635834
4.601584453104078e-08	0.9293338656425476	-0.2501892149448395	-0.2715582847595215
4.611253094816112e-08	0.9300011396408081	-0.23546388745307922	-0.28223174810409546
4.6209401302575666e-08	0.9306638240814209	-0.22026415169239044	-0.29214492440223694
4.6306439966906673e-08	0.931321918964386	-0.20463083684444427	-0.30127376317977905
4.6403655189670796e-08	0.9319754242897034	-0.1886020302772522	-0.3095983862876892
4.6501070073923434e-08	0.9326245784759521	-0.1722145676612854	-0.3171018362045288
4.66230775480257e-08	0.9334296584129333	-0.15129606425762177	-0.32529783248901367
4.67209019778795e-08	0.9340686798095703	-0.13426116108894348	-0.3308922052383423
4.6818911701114216e-08	0.9347033500671387	-0.11700800806283951	-0.3356171250343323
4.691708892886059e-08	0.9353334307670593	-0.09958378970623016	-0.33946213126182556
4.701545131054463e-08	0.935958981513977	-0.08203001320362091	-0.3424205183982849
4.711400990864212e-08	0.9365803599357605	-0.06438964605331421	-0.3444870412349701
4.721275450814634e-08	0.937197208404541	-0.046709924936294556	-0.34565824270248413
4.7311691884934725e-08	0.9378097057342529	-0.02903517708182335	-0.3459334373474121
4.74108227107388e-08	0.938417911529541	-0.011410869657993317	-0.34531399607658386
4.751014958320741e-08	0.9390217065811157	0.006117907352745533	-0.3438034653663635
4.760966765551692e-08	0.9396212697029114	0.023504778742790222	-0.3414081335067749
4.770938415203118e-08	0.9402164816856384	0.04070574790239334	-0.3381361961364746
4.780928946662664e-08	0.9408073425292969	0.05767440050840378	-0.33399882912635803
4.790940034975496e-08	0.9413940906524658	0.07436931133270264	-0.32900840044021606
4.80097161478369e-08	0.9419765472412109	0.09074664115905762	-0.3231801390647888
4.811022609106477e-08	0.9425547122955322	0.10676166415214539	-0.31653231382369995
4.821092926361532e-08	0.9431285858154297	0.12237235903739929	-0.3090849816799164
4.831184727373491e-08	0.9436984062194824	0.13754086196422577	-0.30085867643356323
4.8412970919691257e-08	0.9442639350891113	0.15222576260566711	-0.2918783128261566
4.8514304380855975e-08	0.9448254108428955	0.1663888692855835	-0.2821696996688843
4.8615828429111287e-08	0.9453826546669006	0.1799902617931366	-0.2717632055282593
4.871756847505892e-08	0.9459357261657715	0.19299748539924622	-0.2606866955757141
4.881952461329976e-08	0.9464849233627319	0.20537607371807098	-0.2489723265171051
4.8921695310559526e-08	0.9470298290252686	0.21709288656711578	-0.2366543412208557
4.9024099256160066e-08	0.94757080078125	0.22811898589134216	-0.2237662523984909
4.9101041428983556e-08	0.947973906993866	0.23591609299182892	-0.2137502282857895
4.9203822808612537e-08	0.9485077857971191	0.24566082656383514	-0.1999594271183014
4.9306813337147134e-08	0.9490376710891724	0.25463682413101196	-0.18570858240127563
4.9410041964886425e-08	0.9495636224746704	0.26282310485839844	-0.1710353046655655
4.951348559773784e-08	0.9500855207443237	0.27019622921943665	-0.15598590672016144
4.9617156567644414e-08	0.9506034851074219	0.27673816680908203	-0.14060264825820923
4.972104952203029e-08	0.9511173963546753	0.28243178129196167	-0.12493161857128143
4.98251680671344e-08	0.9516275525093079	0.28726309537887573	-0.10901837795972824
4.990341069269302e-08	0.952007532119751	0.2903136610984802	-0.09695197641849518
5.000793159059766e-08	0.9525107741355896	0.2936091423034668	-0.08072738349437714
5.01126809436494e-08	0.9530102014541626	0.29601603746414185	-0.06439105421304703
5.021767051199456e-08	0.9535056352615356	0.29752975702285767	-0.047989778220653534
5.032290155155783e-08	0.9539974331855774	0.2981480360031128	-0.03157214820384979
5.040197819948233e-08	0.9543637037277222	0.2980242073535919	-0.019278526306152344
5.0507620622952475e-08	0.9548486471176147	0.29707804322242737	-0.002952063921838999
5.061350196623084e-08	0.9553298950195312	0.2952442467212677	0.013255400583148003
5.071962924763784e-08	0.9558073282241821	0.29253050684928894	0.029296305030584335
5.0825994895284284e-08	0.9562810659408569	0.28894761204719543	0.04512102156877518
5.0905928149301815e-08	0.9566338062286377	0.28569793701171875	0.056819237768650055
5.101272442101986e-08	0.9571011066436768	0.28062722086906433	0.07215297222137451
5.111975412119283e-08	0.9575644731521606	0.2747308611869812	0.08714012056589127
5.1200202363489115e-08	0.9579097032546997	0.26977771520614624	0.09812869131565094
5.130767896283202e-08	0.9583666324615479	0.2624852657318115	0.11240558326244354
5.141541073286467e-08	0.9588198661804199	0.254428505897522	0.12621623277664185
5.1523402461414706e-08	0.959269642829895	0.24563439190387726	0.13951900601387024
5.1604554219366506e-08	0.9596045017242432	0.23857381939888	0.14913666248321533
5.171299284935601e-08	0.9600479602813721	0.22856315970420837	0.16145262122154236
5.1821695066281914e-08	0.9604877233505249	0.21790233254432678	0.17315295338630676
5.190337663564638e-08	0.9608151912689209	0.20950362086296082	0.18150070309638977
5.201251250344755e-08	0.9612486362457275	0.19779610633850098	0.1920359581708908
5.2121909051120704e-08	0.9616786241531372	0.18554294109344482	0.20186184346675873
5.2204147244110276e-08	0.9619987607002258	0.1760176718235016	0.2087492048740387
5.231404585653308e-08	0.9624226689338684	0.16290512681007385	0.21726611256599426
5.2424198400478114e-08	0.9628430604934692	0.1493658721446991	0.22499597072601318
5.250699376293421e-08	0.96315598487854	0.1389574259519577	0.23026368021965027
5.2617642703779724e-08	0.9635704159736633	0.12477673590183258	0.23656490445137024
5.2700804574829235e-08	0.963878870010376	0.11394263803958893	0.24073773622512817
5.281192597881923e-08	0.9642871618270874	0.09927152097225189	0.24555140733718872
5.2923335358629814e-08	0.9646921157836914	0.08438656479120255	0.2494957447052002
5.300707335415617e-08	0.9649934768676758	0.0731142908334732	0.2518765926361084
5.311897238496132e-08	0.965392529964447	0.057980410754680634	0.25427472591400146
5.320307728969328e-08	0.9656895399093628	0.046581149101257324	0.2554877996444702
5.331547762039769e-08	0.9660826921463013	0.03135662153363228	0.25632238388061523
5.342815924301838e-08	0.9664724469184875	0.016153469681739807	0.25626203417778015
5.351287220289271e-08	0.9667625427246094	0.004794681444764137	0.2556309700012207
5.362606633295374e-08	0.9671465754508972	-0.01024664007127285	0.2540130019187927
5.371116064395934e-08	0.96743243932724	-0.021423209458589554	0.2522214353084564
5.382487874125173e-08	0.9678106904029846	-0.03614325448870659	0.2490706741809845
5.391035924117099e-08	0.9680922031402588	-0.04701823741197586	0.24614374339580536
5.402458647739649e-08	0.9684648513793945	-0.061257004737854004	0.24150273203849792
5.4110449880645796e-08	0.9687421321868896	-0.07171311974525452	0.23747855424880981
5.422521661066165e-08	0.969109058380127	-0.08532077074050903	0.23140458762645721
5.4311488745794616e-08	0.9693821668624878	-0.09524793922901154	0.22633185982704163
5.442678660008597e-08	0.9697434902191162	-0.10807584226131439	0.21889984607696533
5.451345591877106e-08	0.9700124263763428	-0.11736501753330231	0.21284106373786926
5.4600295741036916e-08	0.9702796936035156	-0.12634950876235962	0.20638149976730347
5.471636144568101e-08	0.9706331491470337	-0.1378251612186432	0.19716918468475342
5.480363333290329e-08	0.9708962440490723	-0.1460328847169876	0.18982893228530884
5.492023259985725e-08	0.971244215965271	-0.15640783309936523	0.17950323224067688
5.500790481619847e-08	0.9715031385421753	-0.16374637186527252	0.17137320339679718
5.512507881866241e-08	0.971845805644989	-0.17291110754013062	0.1600547730922699
5.521316182363431e-08	0.9721007347106934	-0.17930148541927338	0.15123209357261658
5.530143654023075e-08	0.9723540544509888	-0.18526476621627808	0.14214317500591278
5.541941489568919e-08	0.9726890325546265	-0.19252969324588776	0.1296471655368805
5.5508120106177785e-08	0.9729382991790771	-0.19745056331157684	0.12001792341470718
5.562669348417146e-08	0.9732681512832642	-0.20328956842422485	0.10687613487243652
5.571583946914678e-08	0.9735136032104492	-0.20711570978164673	0.09682217240333557
5.5805166698083457e-08	0.973757266998291	-0.21045935153961182	0.08662422746419907
5.592456335643138e-08	0.9740795493125916	-0.2141568958759308	0.07284122705459595
5.601433708109844e-08	0.9743194580078125	-0.216353178024292	0.06239421293139458
5.610429991454191e-08	0.974557638168335	-0.2180505394935608	0.051879674196243286
5.6224547085965764e-08	0.9748726487159729	-0.21953332424163818	0.03779608756303787
5.631496367237456e-08	0.975106954574585	-0.22005844116210938	0.02721521630883217
5.6405571145031385e-08	0.9753397703170776	-0.22008030116558075	0.016646383330225945
5.652669313346623e-08	0.9756476283073425	-0.2193286418914795	0.0026130657643079758
5.6617761412742206e-08	0.9758765697479248	-0.21818247437477112	-0.00783616118133068
5.6709024203407626e-08	0.9761039018630981	-0.2165413200855255	-0.0181938037276268
5.680049151456827e-08	0.9763296842575073	-0.2144099473953247	-0.0284372977912426
5.692275511942734e-08	0.976628303527832	-0.21081648766994476	-0.04187589883804321
5.701469409153644e-08	0.9768504500389099	-0.2075669765472412	-0.051761336624622345
5.7106824641002294e-08	0.9770709276199341	-0.20385244488716125	-0.0614539198577404
5.722999316320814e-08	0.9773626327514648	-0.1981925070285797	-0.07404175400733948
5.732260726282358e-08	0.9775795340538025	-0.19343194365501404	-0.08320173621177673
5.741541552379943e-08	0.9777947664260864	-0.18824365735054016	-0.09209634363651276
5.750843213823348e-08	0.9780085682868958	-0.1826404333114624	-0.10070633888244629
5.76016671313695e-08	0.9782208204269409	-0.17663607001304626	-0.10901249200105667
5.772630414206984e-08	0.978501558303833	-0.16803425550460815	-0.11957991868257523
5.782003091478234e-08	0.9787102937698364	-0.1611570119857788	-0.12710142135620117
5.791398098925714e-08	0.9789174795150757	-0.15393349528312683	-0.13425767421722412
5.800813949693093e-08	0.9791232347488403	-0.14638349413871765	-0.14103081822395325
5.8102500485243874e-08	0.9793274402618408	-0.1385270357131958	-0.1474047601222992
5.822867228440087e-08	0.9795974493026733	-0.127606600522995	-0.1552596092224121
5.832354347550315e-08	0.9797981977462769	-0.1191120445728302	-0.16064855456352234
5.841862745080735e-08	0.9799973964691162	-0.11038069427013397	-0.16559350490570068
5.8513941523035885e-08	0.9801952242851257	-0.10143357515335083	-0.17008401453495026
5.8609481496902194e-08	0.9803916215896606	-0.09229427576065063	-0.17410944402217865
5.870526451576923e-08	0.980586588382721	-0.08298487961292267	-0.1776612401008606
5.880126236437735e-08	0.9807801246643066	-0.07353237271308899	-0.180730402469635
5.892959788975126e-08	0.9810358285903931	-0.06074883043766022	-0.1840607225894928
5.9026105518967735e-08	0.9812259674072266	-0.05105829983949661	-0.18598046898841858
5.9122851760678244e-08	0.9814146757125854	-0.04130607470870018	-0.1874009072780609
5.9219820999606966e-08	0.9816019535064697	-0.0315193310379982	-0.18831929564476013
5.931702657131058e-08	0.981787919998169	-0.021722462028265	-0.18873465061187744
5.94144688703299e-08	0.981972336769104	-0.011941495351493359	-0.18864703178405762
5.951213995902933e-08	0.982155442237854	-0.002203163458034396	-0.1880580186843872
5.961004776456884e-08	0.982337236404419	0.007467469200491905	-0.18697038292884827
5.970819427095402e-08	0.9825175404548645	0.017044831067323685	-0.18538826704025269
5.980656778141065e-08	0.9826964735984802	0.026502158492803574	-0.18331748247146606
5.990518066893786e-08	0.9828740954399109	0.035815317183732986	-0.18076467514038086
6.000404183467115e-08	0.9830503463745117	0.044960103929042816	-0.17773780226707458
6.010313340774669e-08	0.9832252264022827	0.053910259157419205	-0.1742468923330307
6.020247627262299e-08	0.9833986759185791	0.0626436173915863	-0.17030203342437744
6.03020660435227e-08	0.98357093334198	0.07113607227802277	-0.16591548919677734
6.040189173850575e-08	0.9837417602539062	0.07936371862888336	-0.1611011028289795
6.050197444620806e-08	0.983911395072937	0.08730602264404297	-0.15587246417999268
6.060231013554243e-08	0.9840795993804932	0.09494094550609589	-0.15024548768997192
6.07028981442264e-08	0.9842464923858643	0.10224771499633789	-0.14423707127571106
6.080374125520794e-08	0.9844120740890503	0.10920664668083191	-0.1378650963306427
6.090482803046776e-08	0.984576404094696	0.1157979667186737	-0.1311495006084442
6.100617853683344e-08	0.9847394227981567	0.12200508266687393	-0.12410906702280045
6.1107775493289e-08	0.9849011898040771	0.1278100162744522	-0.11676624417304993
6.120961985561541e-08	0.9850615859031677	0.13319724798202515	-0.10914315283298492
6.131173612211103e-08	0.9852207899093628	0.1381533443927765	-0.10126084089279175
6.141410771859382e-08	0.985378623008728	0.14266414940357208	-0.09314444661140442
6.151673430633371e-08	0.9855352640151978	0.1467176377773285	-0.0848185122013092
6.161961493304138e-08	0.9856905937194824	0.15030306577682495	-0.07630842924118042
6.172276000913048e-08	0.9858447909355164	0.15341152250766754	-0.06763912737369537
6.182617900181093e-08	0.9859976768493652	0.1560351848602295	-0.0588361918926239
6.192988723186416e-08	0.9861493110656738	0.15816766023635864	-0.049925148487091064
6.203384967798072e-08	0.9862997531890869	0.1598031222820282	-0.040936268866062164
6.210330866848146e-08	0.9863994121551514	0.16061563789844513	-0.034913234412670135
6.220773105265407e-08	0.9865477085113525	0.16141603887081146	-0.02585284784436226
6.231242696026977e-08	0.9866949915885925	0.16171349585056305	-0.016786903142929077
6.241740055272254e-08	0.9868409633636475	0.16150841116905212	-0.007743167690932751
6.252265212656003e-08	0.9869858026504517	0.16080281138420105	0.0012505119666457176
6.262818698786661e-08	0.9871294498443604	0.15960024297237396	0.010166605934500694
6.273399820097527e-08	0.9872719049453735	0.15790590643882751	0.01897680200636387
6.280469101029994e-08	0.9873661994934082	0.1565064787864685	0.024777699261903763
6.291098158008405e-08	0.987506628036499	0.1540079116821289	0.03335193917155266
6.301754147839077e-08	0.9876458644866943	0.151039257645607	0.04174717515707016
6.312439144892458e-08	0.9877839684486389	0.14761075377464294	0.049938738346099854
6.323153241706919e-08	0.9879209995269775	0.14373472332954407	0.05790085718035698
6.330312596142075e-08	0.9880116581916809	0.14090865850448608	0.06306935846805573
6.341076365967327e-08	0.9881467819213867	0.136317640542984	0.07059435546398163
6.351868074837295e-08	0.9882806539535522	0.1313195675611496	0.07782379537820816
6.362690135580834e-08	0.9884134531021118	0.1259309947490692	0.08473636209964752
6.373541546488072e-08	0.9885451197624207	0.12017129361629486	0.09130951017141342
6.38079283676367e-08	0.988632321357727	0.11613485217094421	0.09549306333065033
6.391693415419291e-08	0.9887620210647583	0.1098019927740097	0.10145480930805206
6.402622013776897e-08	0.9888908267021179	0.10315559804439545	0.10702354460954666
6.413583788835373e-08	0.9890183210372925	0.09621568024158478	0.11218412965536118
6.42090793903872e-08	0.989102840423584	0.0914393961429596	0.11538859456777573
6.43192244463567e-08	0.9892286062240601	0.08406656980514526	0.11983175575733185
6.442966099347727e-08	0.9893532991409302	0.07646998763084412	0.12382440268993378
6.450344140991514e-08	0.9894357919692993	0.07129496335983276	0.12622958421707153
6.461439831741148e-08	0.9895586967468262	0.06338321417570114	0.12944595515727997
6.472567054114754e-08	0.9896805286407471	0.055319346487522125	0.1321830153465271
6.480002773868572e-08	0.9897611141204834	0.0498729832470417	0.13373735547065735
6.491182750374133e-08	0.989881157875061	0.041619326919317245	0.13565829396247864
6.502394828503658e-08	0.9900001287460327	0.033290646970272064	0.13708199560642242
6.513638440381486e-08	0.990118145942688	0.024917222559452057	0.1380048543214798
6.521152664330571e-08	0.990196168422699	0.019324207678437233	0.13834089040756226
6.53245013677971e-08	0.9903123378753662	0.010942064225673676	0.13842594623565674
6.540000331167632e-08	0.9903892874717712	0.005371225532144308	0.13820385932922363
6.551353140767151e-08	0.9905037879943848	-0.0029366184026002884	0.13745442032814026
6.562738530192058e-08	0.9906172156333923	-0.011159250512719154	0.1362094283103943
6.570348104482745e-08	0.9906923174858093	-0.016579732298851013	0.1351068764925003
6.581788870953435e-08	0.990804135799408	-0.024594804272055626	0.13305018842220306
6.5932638562368e-08	0.9909148812294006	-0.03244683891534805	0.1305178701877594
6.600933276081582e-08	0.9909881949424744	-0.03757697343826294	0.1285705864429474
6.612464314052702e-08	0.9910973310470581	-0.04509300738573074	0.1252707839012146
6.620170903902043e-08	0.9911695122718811	-0.049973078072071075	0.12282394617795944
6.63175920048294e-08	0.9912769794464111	-0.05707702040672302	0.11879472434520721
6.643380812566814e-08	0.99138343334198	-0.06389793753623962	0.11434991657733917
6.6511493475592e-08	0.9914538860321045	-0.06827676296234131	0.11116395145654678
6.662831041768055e-08	0.9915587902069092	-0.07457295060157776	0.10606621205806732
6.670636611213655e-08	0.9916281700134277	-0.07857820391654968	0.10246492177248001
6.682376467189576e-08	0.9917314052581787	-0.08428378403186798	0.09677299857139587
6.690222755102923e-08	0.9917997121810913	-0.08787614852190018	0.092795729637146
6.702018982104185e-08	0.9919013977050781	-0.09293172508478165	0.086575448513031
6.713853771732756e-08	0.9920021295547485	-0.09757398068904877	0.08006924390792847
6.72176241902412e-08	0.9920687675476074	-0.10042960196733475	0.07558754086494446
6.73365637982542e-08	0.9921679496765137	-0.10434359312057495	0.06866755336523056
6.741606091595927e-08	0.9922335147857666	-0.1067003458738327	0.0639350563287735
6.753561277190328e-08	0.9923311471939087	-0.10984708368778229	0.05667932331562042
6.761552748792182e-08	0.9923957586288452	-0.11168134212493896	0.05174979567527771
6.773570138878633e-08	0.9924918413162231	-0.11402969062328339	0.04424091428518295
6.781602478228793e-08	0.9925553798675537	-0.11532321572303772	0.039171718060970306
6.793682462104411e-08	0.9926499724388123	-0.11685076355934143	0.03149619698524475
6.801756521080533e-08	0.9927124977111816	-0.11759185791015625	0.02634536847472191
6.81389972627244e-08	0.9928056001663208	-0.11828546971082687	0.018591800704598427
6.822016679349418e-08	0.992867112159729	-0.11846859753131866	0.013418507762253284
6.83015035065501e-08	0.9929283857345581	-0.11842840164899826	0.008253440260887146
6.842382482821942e-08	0.9930193424224854	-0.11795075237751007	0.0005423093098215759
6.850559370697298e-08	0.9930795431137085	-0.1173555999994278	-0.004560733214020729
6.862856929871064e-08	0.9931690692901611	-0.11605186015367508	-0.012134069576859474
6.871077512331916e-08	0.9932283163070679	-0.11491170525550842	-0.017115304246544838
6.883440758179932e-08	0.9933164119720459	-0.11280177533626556	-0.024461546912789345
6.891704825967614e-08	0.9933746457099915	-0.11113329231739044	-0.02926190383732319
6.904133395698401e-08	0.9934613108634949	-0.10824715346097946	-0.036293622106313705
6.91244214154724e-08	0.993518590927124	-0.10607323050498962	-0.040856655687093735
6.920767553105985e-08	0.9935755729675293	-0.10370536148548126	-0.04530869051814079
6.933288972833622e-08	0.9936602711677551	-0.09980066865682602	-0.05176123231649399
6.94166062995367e-08	0.9937162399291992	-0.09696976840496063	-0.05590140074491501
6.95005120681606e-08	0.9937717914581299	-0.09396371245384216	-0.059902846813201904
6.962670748459679e-08	0.9938546419143677	-0.08914093673229218	-0.06562726199626923
6.971104884208524e-08	0.9939092993736267	-0.08572718501091003	-0.06924715638160706
6.983791904474445e-08	0.9939906597137451	-0.08032526075839996	-0.07436676323413849
6.992274557011552e-08	0.9940445423126221	-0.07654723525047302	-0.07756367325782776
7.000774400429182e-08	0.9940979480743408	-0.07263827323913574	-0.08057951927185059
7.013559626911918e-08	0.9941774606704712	-0.06654618680477142	-0.08475235104560852
7.022106871371139e-08	0.9942299127578735	-0.062344953417778015	-0.08729259669780731
7.030672902404857e-08	0.9942821264266968	-0.05804239958524704	-0.08963373303413391
7.043558966424144e-08	0.9943597316741943	-0.05141787976026535	-0.0927630141377449
7.052174792145125e-08	0.9944109916687012	-0.04690133407711983	-0.09458856284618378
7.060808914855023e-08	0.9944620132446289	-0.042316921055316925	-0.09620121866464615
7.073796558100916e-08	0.9945378303527832	-0.03533343970775604	-0.09821520745754242
7.08247966349551e-08	0.9945878386497498	-0.030621059238910675	-0.09928444027900696
7.091181953103948e-08	0.9946376085281372	-0.025875501334667206	-0.10013274848461151
7.104272357340655e-08	0.9947115778923035	-0.01871693879365921	-0.10098829865455627
7.113023522343248e-08	0.9947603940963745	-0.013933151960372925	-0.10127970576286316
7.121795371415034e-08	0.9948089718818665	-0.00915173627436161	-0.10134777426719666
7.13058688063154e-08	0.9948571920394897	-0.00438368134200573	-0.10119286179542542
7.14381323888117e-08	0.9949288368225098	0.0027215764857828617	-0.10054433345794678
7.152656483783788e-08	0.994976282119751	0.007411828264594078	-0.09983669221401215
7.16152021563061e-08	0.995023250579834	0.012052713893353939	-0.09891112893819809
7.170403294136999e-08	0.9950699806213379	0.01663335971534252	-0.09777043759822845
7.183767799772455e-08	0.995139479637146	0.023371033370494843	-0.0956624448299408
7.19270343884564e-08	0.995185375213623	0.027759060263633728	-0.09399791061878204
7.2016600005119e-08	0.9952309727668762	0.03205278515815735	-0.09213083982467651
7.210637399393145e-08	0.9952762126922607	0.036242470145225525	-0.09006607532501221
7.22414168046901e-08	0.9953434467315674	0.04231126978993416	-0.08661000430583954
7.233171611043641e-08	0.9953877925872803	0.04620081186294556	-0.0840747058391571
7.242221570441024e-08	0.9954319000244141	0.0499543771147728	-0.08136219531297684
7.251293748418832e-08	0.9954757690429688	0.053564444184303284	-0.0784786194562912
7.260386654844944e-08	0.9955192804336548	0.05702231079339981	-0.07543160021305084
7.274068907635007e-08	0.9955838918685913	0.06190827488899231	-0.07056993246078491
7.283217502448228e-08	0.99562668800354	0.06495380401611328	-0.06714698672294617
7.292387503113202e-08	0.9956690073013306	0.06782175600528717	-0.06358855217695236
7.301579965449273e-08	0.995711088180542	0.07050605118274689	-0.0599031001329422
7.310793453976402e-08	0.9957528710365295	0.0730002298951149	-0.05610039830207825
7.320030444929952e-08	0.995794415473938	0.0752994567155838	-0.0521889254450798
7.333928170395092e-08	0.995855987071991	0.0783710926771164	-0.04613989219069481
7.343221686091904e-08	0.9958967566490173	0.08016082644462585	-0.04200068861246109
7.352537059072263e-08	0.995937168598175	0.08173936605453491	-0.037788696587085724
7.361874155302774e-08	0.9959772825241089	0.08310338854789734	-0.033514633774757385
7.371235294381518e-08	0.9960170984268188	0.08425038307905197	-0.029188260436058044
7.380620075690453e-08	0.9960565567016602	0.08517790585756302	-0.024820640683174133
7.390027322512663e-08	0.9960957765579224	0.08588405698537827	-0.020423388108611107
7.404182604769775e-08	0.9961541891098022	0.08652585744857788	-0.013795341365039349
7.41364810470264e-08	0.9961926341056824	0.08667464554309845	-0.00937209464609623
7.423137244084188e-08	0.9962308406829834	0.08660030364990234	-0.004958050325512886
7.43265068242917e-08	0.9962687492370605	0.08630358427762985	-0.0005642458563670516
7.442187925624496e-08	0.9963064193725586	0.08578579127788544	0.0037978235632181168
7.451749038302013e-08	0.996343731880188	0.08504883944988251	0.008116958662867546
7.461334282709065e-08	0.9963808059692383	0.08409519493579865	0.012382082641124725
7.470942844236531e-08	0.9964175224304199	0.08292798697948456	0.016581887379288673
7.480576335067291e-08	0.996454119682312	0.08155065774917603	0.020706122741103172
7.490235302578269e-08	0.9964903593063354	0.07996726781129837	0.024744272232055664
7.5047689039092e-08	0.9965442419052124	0.07721676677465439	0.030616018921136856
7.514488713019157e-08	0.9965797066688538	0.07514064013957977	0.03439219295978546
7.524233874776764e-08	0.996614933013916	0.07287740707397461	0.03804643452167511
7.534003824788991e-08	0.996649980545044	0.07043381035327911	0.041568972170352936
7.543797043098303e-08	0.996684730052948	0.06781740486621857	0.04495006054639816
7.553616131111951e-08	0.9967191219329834	0.06503511220216751	0.048181720077991486
7.563460498108874e-08	0.9967532753944397	0.06209523230791092	0.05125518888235092
7.573330898792616e-08	0.9967873096466064	0.05900607258081436	0.05416266620159149
7.583225852492773e-08	0.9968209266662598	0.05577704310417175	0.05689612030982971
7.593147306448544e-08	0.996854305267334	0.052416957914829254	0.05944886431097984
7.603096084204279e-08	0.9968873262405396	0.048935264348983765	0.0618143230676651
7.613067007425859e-08	0.9969202280044556	0.045343950390815735	0.0639851987361908
7.623068447913211e-08	0.9969528317451477	0.04165053367614746	0.06595766544342041
7.633094054558267e-08	0.996985137462616	0.037868112325668335	0.0677253007888794
7.643147523174069e-08	0.9970172047615051	0.03400643542408943	0.06928423792123795
7.653226289723147e-08	0.9970490336418152	0.030077815055847168	0.07063015550374985
7.663331865484117e-08	0.9970806241035461	0.026093238964676857	0.07175997644662857
7.67346465049735e-08	0.9971118569374084	0.022064311429858208	0.07267102599143982
7.68362438621639e-08	0.9971429109573364	0.018003113567829132	0.07336115837097168
7.693810463794661e-08	0.9971737265586853	0.013921882025897503	0.07382897287607193
7.704025142962337e-08	0.9972043633460999	0.009831884875893593	0.07407379150390625
7.714267430962203e-08	0.9972347021102905	0.005745735019445419	0.07409536838531494
7.724537395443725e-08	0.9972647428512573	0.0016756763216108084	0.07389430701732635
7.73483544765282e-08	0.997294545173645	-0.00236629624851048	0.07347176223993301
7.745161868335405e-08	0.9973241090774536	-0.006368089001625776	0.07282962650060654
7.750336000156423e-08	0.9973388910293579	-0.008350254967808723	0.0724269449710846
7.760702917133207e-08	0.9973679780960083	-0.012268412858247757	0.07146058231592178
7.771097945604217e-08	0.9973969459533691	-0.01611640676856041	0.07028236985206604
7.781523019913351e-08	0.9974257946014404	-0.01988326758146286	0.06889626383781433
7.791974293386252e-08	0.9974541664123535	-0.023556087166070938	0.06730768084526062
7.802457266753349e-08	0.997482419013977	-0.027125686407089233	0.06552129983901978
7.81296983797126e-08	0.9975104331970215	-0.03058035485446453	0.06354355812072754
7.823512841308727e-08	0.9975383281707764	-0.033909693360328674	0.06138104200363159
7.834082880641693e-08	0.9975658655166626	-0.03710247948765755	0.059041835367679596
7.844681790457627e-08	0.997593104839325	-0.0401495099067688	0.0565335676074028
7.855311359978742e-08	0.9976202249526978	-0.043041907250881195	0.05386437848210335
7.86063717349676e-08	0.997633695602417	-0.04442719370126724	0.052472371608018875
7.871312215805018e-08	0.9976603984832764	-0.047070980072021484	0.04957900196313858
7.882015918923901e-08	0.9976869821548462	-0.04953833669424057	0.046548858284950256
7.89275031713452e-08	0.9977132081985474	-0.051822200417518616	0.04339168220758438
7.90351540679954e-08	0.997739315032959	-0.053915563970804214	0.040118224918842316
7.9143102870305e-08	0.9977651238441467	-0.05581188201904297	0.03673994541168213
7.92513671308918e-08	0.9977907538414001	-0.05750572681427002	0.03326786309480667
7.930561466779518e-08	0.9978035092353821	-0.05827505141496658	0.03150042146444321
7.941433823103706e-08	0.9978288412094116	-0.05965563282370567	0.027910428121685982
7.952337482369592e-08	0.9978538751602173	-0.0608222559094429	0.02425704523921013
7.963272903625447e-08	0.9978786706924438	-0.06177165359258652	0.020552676171064377
7.974240110278953e-08	0.9979033470153809	-0.06250117719173431	0.016810141503810883
7.985238479247583e-08	0.9979277849197388	-0.06300894916057587	0.013042593374848366
7.990750165030708e-08	0.997939944267273	-0.06317932903766632	0.011153258383274078
8.001796825549626e-08	0.9979640245437622	-0.06335270404815674	0.007372299209237099
8.012876989014527e-08	0.9979878664016724	-0.06330306828022003	0.0035984008572995663
8.023989356590195e-08	0.9980115294456482	-0.06303123384714127	-0.00015472900122404099
8.035134481406707e-08	0.9980350136756897	-0.06253880262374878	-0.0038740956224501133
8.040718468470109e-08	0.9980466961860657	-0.06221063435077667	-0.005716717801988125
8.051912883602796e-08	0.9980698823928833	-0.06139207258820534	-0.009360946714878082
8.063140269496077e-08	0.998092770576477	-0.060360394418239594	-0.012938983738422394
8.074402319323629e-08	0.998115599155426	-0.05911979451775551	-0.01643870212137699
8.080046165972107e-08	0.9981268644332886	-0.058422721922397614	-0.01815519668161869
8.091358200845805e-08	0.9981493353843689	-0.056878745555877686	-0.02151351049542427
8.102703829428641e-08	0.9981715083122253	-0.0551401823759079	-0.024762531742453575
8.11408339799751e-08	0.998193621635437	-0.053213972598314285	-0.027890821918845177
8.125497363354716e-08	0.9982154369354248	-0.051107749342918396	-0.03088722936809063
8.13121766102338e-08	0.9982262849807739	-0.04998965561389923	-0.03233270347118378
8.142683748333812e-08	0.9982478022575378	-0.04762926697731018	-0.035111457109451294
8.154183894771526e-08	0.9982691407203674	-0.04511114954948425	-0.03773237019777298
8.165718140552869e-08	0.9982903003692627	-0.042445383965969086	-0.040186021476984024
8.171500340847149e-08	0.9983007907867432	-0.041059866547584534	-0.04134780913591385
8.183089672834645e-08	0.9983216524124146	-0.03819167613983154	-0.043535057455301285
8.194711518069929e-08	0.9983423352241516	-0.03520377725362778	-0.04553398862481117
8.200537611072904e-08	0.9983525276184082	-0.03366788476705551	-0.04646109417080879
8.212218277926033e-08	0.9983729720115662	-0.03052031435072422	-0.048166073858737946
8.223931768042497e-08	0.9983931183815002	-0.027283620089292526	-0.04966641962528229
8.235682663917333e-08	0.9984131455421448	-0.023969586938619614	-0.05095750093460083
8.241570508376877e-08	0.9984230995178223	-0.022288179025053978	-0.05152301862835884
8.25337714679443e-08	0.9984427690505981	-0.0188832338899374	-0.05249214172363281
8.2652210104693e-08	0.9984623193740845	-0.01543484628200531	-0.053242411464452744
8.271156394097053e-08	0.9984720349311829	-0.013698834925889969	-0.05353467911481857
8.283055295682452e-08	0.9984912872314453	-0.010211723856627941	-0.05395258218050003
8.294990378906081e-08	0.9985103607177734	-0.006716654170304537	-0.05414752662181854
8.300972700351036e-08	0.9985198974609375	-0.004970244597643614	-0.05416136234998703
8.312965429965615e-08	0.998538613319397	-0.0014889929443597794	-0.05402208864688873
8.32499681615375e-08	0.9985573291778564	0.001965222880244255	-0.05366140604019165
8.331027565710826e-08	0.9985665678977966	0.0036779106594622135	-0.053398650139570236
8.343116436451268e-08	0.9985848665237427	0.007064856588840485	-0.05271022766828537
8.355243380186022e-08	0.998603105545044	0.01038934476673603	-0.051807671785354614
8.361321953107273e-08	0.998612105846405	0.012024087831377983	-0.05127739906311035
8.373508541700158e-08	0.9986300468444824	0.015229841694235802	-0.050062138587236404
8.385734547396663e-08	0.9986477494239807	0.01833956316113472	-0.048645541071891785
8.391862871777686e-08	0.9986565113067627	0.019854504615068436	-0.04786372557282448
8.404147461099119e-08	0.9986740350723267	0.022795915603637695	-0.04615804925560951
8.410305746572427e-08	0.9986827373504639	0.02421979419887066	-0.04523589462041855
8.422651647241985e-08	0.9987000226974487	0.026965809985995293	-0.043258730322122574
8.435037781058155e-08	0.9987170100212097	0.02956688031554222	-0.04111205041408539
8.441245959033765e-08	0.998725414276123	0.030809637159109116	-0.039978232234716415
8.453693665938053e-08	0.9987422823905945	0.033173248171806335	-0.037595972418785095
8.466181923483499e-08	0.9987589120864868	0.03536592051386833	-0.03507046401500702
8.47244241834944e-08	0.9987671971321106	0.03639543429017067	-0.03375740349292755
8.484992307407884e-08	0.9987835884094238	0.03831479325890541	-0.031039129942655563
8.491283739688791e-08	0.9987916946411133	0.03920295462012291	-0.02963663451373577
8.503896420808413e-08	0.9988079071044922	0.04083119332790375	-0.026753786951303482
8.510219558056944e-08	0.9988158345222473	0.04156981408596039	-0.02527640014886856
8.52289646372595e-08	0.9988317489624023	0.04289188235998154	-0.022258996963500977
8.535615599957795e-08	0.998847484588623	0.04400290176272392	-0.01916966587305069
8.541990616990571e-08	0.9988553524017334	0.04447782784700394	-0.01760265603661537
8.554775030967698e-08	0.9988707900047302	0.04526443034410477	-0.01443231850862503
8.561184076292252e-08	0.9988784790039062	0.0455753393471241	-0.01283283717930317
8.574035432865611e-08	0.9988937377929688	0.046030931174755096	-0.009614760056138039
8.580476146053946e-08	0.9989013671875	0.04617523401975632	-0.008000415749847889
8.593392113248305e-08	0.9989163875579834	0.046296626329422	-0.004769628401845694
8.606351677838238e-08	0.9989312887191772	0.04619528353214264	-0.0015495289117097855
8.612848415782008e-08	0.9989386796951294	0.0460614375770092	5.183791654417291e-05
8.625876043978964e-08	0.9989532828330994	0.045628681778907776	0.0032277097925543785
8.632406614019197e-08	0.998960554599762	0.04533049464225769	0.004798278212547302
8.645502820137161e-08	0.9989750385284424	0.044572703540325165	0.00789559818804264
8.652068160902262e-08	0.9989821314811707	0.04411422461271286	0.009418493136763573
8.665230242753742e-08	0.998996376991272	0.04304167255759239	0.012402871623635292
8.671829362927152e-08	0.9990033507347107	0.04242892563343048	0.013861274346709251
8.685063451787812e-08	0.9990172982215881	0.04105474054813385	0.016701484099030495
8.6916970065331e-08	0.9990242719650269	0.04029535502195358	0.018079528585076332
8.704997136118712e-08	0.99903804063797	0.03863728791475296	0.020743118599057198
8.711666619347923e-08	0.9990447759628296	0.037740498781204224	0.022025970742106438
8.72504129468005e-08	0.9990583658218384	0.035817865282297134	0.024485301226377487
8.731747727871341e-08	0.9990650415420532	0.034794438630342484	0.025658944621682167
8.745192771618389e-08	0.9990783929824829	0.0326312854886055	0.02788599580526352
8.751934016228664e-08	0.9990850687026978	0.031494077295064926	0.028937097638845444
8.765448233248928e-08	0.9990980625152588	0.02911713905632496	0.030907105654478073
8.772224061399332e-08	0.9991045594215393	0.027880167588591576	0.03182407468557358
8.785813831524596e-08	0.9991174936294556	0.025317449122667313	0.03351633623242378
8.792629566641526e-08	0.9991238713264465	0.02399485372006893	0.034289754927158356
8.806294296129793e-08	0.9991365671157837	0.02127785235643387	0.035685449838638306
8.813146137942144e-08	0.9991428852081299	0.01988661289215088	0.036306366324424744
8.820007418037474e-08	0.9991490840911865	0.01847679913043976	0.03687469661235809
8.833771648359012e-08	0.9991616010665894	0.015606498345732689	0.037852101027965546
8.840671932696134e-08	0.9991676211357117	0.014150513336062431	0.038259826600551605
8.854510312302457e-08	0.9991798400878906	0.01120665855705738	0.03891117498278618
8.861449004258743e-08	0.9991859197616577	0.009722729213535786	0.039154134690761566
8.875365184327444e-08	0.9991979002952576	0.00674122478812933	0.03947342932224274
8.882342629327503e-08	0.9992039203643799	0.005247794557362795	0.039549537003040314
8.896337123020357e-08	0.9992156624794006	0.0022658389061689377	0.03953462094068527
8.903353004256195e-08	0.9992215037345886	0.0007817194564267993	0.039443839341402054
8.910382301401614e-08	0.9992273449897766	-0.0006952448165975511	0.03929780051112175
8.924482117318346e-08	0.999238908290863	-0.0036195877473801374	0.03884118050336838
8.931551968689108e-08	0.9992446303367615	-0.005062711425125599	0.038531459867954254
8.945730666609388e-08	0.9992559552192688	-0.007900528609752655	0.03775199130177498
8.952838572396955e-08	0.9992615580558777	-0.009291009046137333	0.03728365898132324
8.967097718169559e-08	0.9992727041244507	-0.012006407603621483	0.03619323670864105
8.974248249182165e-08	0.9992782473564148	-0.013327332213521004	0.03557296469807625
8.981410768671762e-08	0.9992837905883789	-0.014620836824178696	0.03490413352847099
8.995777049915365e-08	0.999294638633728	-0.017119228839874268	0.033424802124500275
9.002980940051994e-08	0.9993000030517578	-0.018320562317967415	0.03261662647128105
9.010198060659333e-08	0.9993053674697876	-0.019487570971250534	0.03176455199718475
9.02467593218207e-08	0.9993160963058472	-0.02171260491013527	0.029933717101812363
9.03193440184366e-08	0.9993213415145874	-0.022767091169953346	0.028958149254322052
9.046495488577801e-08	0.9993318319320679	-0.024753138422966003	0.02689383178949356
9.05379705903964e-08	0.9993370771408081	-0.02568170055747032	0.02580849826335907
9.061113580541853e-08	0.9993420839309692	-0.026565566658973694	0.02468985691666603
9.075789684260534e-08	0.9993523359298706	-0.028194107115268707	0.02236006036400795
9.083148877818654e-08	0.9993574619293213	-0.028936393558979034	0.02115270122885704
9.090522349769331e-08	0.9993624687194824	-0.029629280790686607	0.019919537007808685
9.105314230736753e-08	0.9993724822998047	-0.030863184481859207	0.01738346740603447
9.11272896523243e-08	0.9993773698806763	-0.031402185559272766	0.016085254028439522
9.120160474641126e-08	0.9993823766708374	-0.03188852593302727	0.014768946915864944
9.135068361266864e-08	0.9993921518325806	-0.03270022198557854	0.012091475538909435
9.142544776953522e-08	0.9993969202041626	-0.03302447870373726	0.010734640061855316
9.150035355885895e-08	0.9994016885757446	-0.03329373896121979	0.009368818253278732
9.16506246777551e-08	0.9994112253189087	-0.03366620093584061	0.006618408020585775
9.172597823137999e-08	0.9994159936904907	-0.03376900032162666	0.005238518118858337
9.180148961031092e-08	0.9994206428527832	-0.03381608426570892	0.003858269890770316
9.195297253116385e-08	0.9994299411773682	-0.033743347972631454	0.0011059988755732775
9.202892596107978e-08	0.9994345903396606	-0.03362390026450157	-0.00026120065012946725
9.210503588298964e-08	0.9994391202926636	-0.03344942629337311	-0.0016197316581383348
9.22577544931911e-08	0.9994481801986694	-0.032937005162239075	-0.004302287474274635
9.233433721528771e-08	0.9994527101516724	-0.032600220292806625	-0.005621430464088917
9.241108004206328e-08	0.9994571208953857	-0.03221053630113602	-0.006923080421984196
9.256503493679659e-08	0.999466061592102	-0.031275682151317596	-0.00946514680981636
9.264223503827506e-08	0.9994703531265259	-0.030732396990060806	-0.010701140388846397
9.271960330672645e-08	0.9994747638702393	-0.030139779672026634	-0.011911317706108093
9.287484724230537e-08	0.9994833469390869	-0.02881094627082348	-0.01424621045589447
9.295268572632913e-08	0.9994876384735107	-0.028077568858861923	-0.01536644995212555
9.303070826351437e-08	0.9994919300079346	-0.02729964442551136	-0.01645328290760517
9.310887894050228e-08	0.9994961619377136	-0.026478981599211693	-0.017504379153251648
9.32657137000227e-08	0.999504566192627	-0.024715125560760498	-0.01949298195540905
9.334438462166985e-08	0.9995086193084717	-0.023775100708007812	-0.020427267998456955
9.342320594348073e-08	0.999512791633606	-0.022798899561166763	-0.02131916955113411
9.350219449149115e-08	0.9995168447494507	-0.021788131445646286	-0.022167399525642395
9.36606821441701e-08	0.9995249509811401	-0.019670311361551285	-0.023727376013994217
9.374017231065262e-08	0.9995290040969849	-0.01856735348701477	-0.02443637140095234
9.381982694004245e-08	0.9995329976081848	-0.017437737435102463	-0.025096487253904343
9.39796791400685e-08	0.9995409250259399	-0.015106342732906342	-0.026266049593687057
9.4059859236452e-08	0.9995447397232056	-0.013909179717302322	-0.02677343040704727
9.414020471203407e-08	0.9995486736297607	-0.012694081291556358	-0.027228061109781265
9.422072451365743e-08	0.9995525479316711	-0.011463218368589878	-0.027629278600215912
9.430142707049664e-08	0.9995564222335815	-0.010218776762485504	-0.02797648310661316
9.446331003427669e-08	0.9995640516281128	-0.00769963301718235	-0.028506573289632797
9.454452724012932e-08	0.9995677471160889	-0.006429150700569153	-0.02868879958987236
9.462590585619341e-08	0.9995714426040649	-0.0051549579948186874	-0.02881545014679432
9.470747144492375e-08	0.9995752573013306	-0.0038790805265307426	-0.02888645976781845
9.487114189629037e-08	0.9995825290679932	-0.0013323721941560507	-0.028861481696367264
9.495324129010274e-08	0.9995862245559692	-6.650280556641519e-05	-0.028765808790922165
9.503550825217633e-08	0.9995898604393005	0.0011910013854503632	-0.028615064918994904
9.511797508963857e-08	0.9995933771133423	0.002438219264149666	-0.028409607708454132
9.520061265260908e-08	0.9995969533920288	0.0036722850054502487	-0.028150014579296112
9.536643200885451e-08	0.9996040463447571	0.006091953255236149	-0.027470991015434265
9.544963156534379e-08	0.9996075630187988	0.007273114752024412	-0.027053039520978928
9.553302817756711e-08	0.9996110200881958	0.008432118222117424	-0.026583977043628693
9.56165943274789e-08	0.9996144771575928	0.009566322900354862	-0.02606501430273056
9.570031971723911e-08	0.9996179342269897	0.01067339163273573	-0.025497399270534515
9.586837888085866e-08	0.9996247291564941	0.012799270451068878	-0.024220455437898636
9.595267366089022e-08	0.9996280670166016	0.013813406229019165	-0.023514200001955032
9.60371749976349e-08	0.999631404876709	0.014792699366807938	-0.022764533758163452
9.612185385414529e-08	0.9996347427368164	0.015734877437353134	-0.02197333797812462
9.620672426690605e-08	0.999638020992279	0.01663825288414955	-0.02114224061369896
9.637701287770097e-08	0.9996445775032043	0.01832134649157524	-0.019367851316928864
9.64624582715903e-08	0.999647855758667	0.019098004326224327	-0.018428131937980652
9.654812401802935e-08	0.9996510744094849	0.01982950046658516	-0.01745588704943657
9.663395944749481e-08	0.999654233455658	0.02051396295428276	-0.016453787684440613
9.671999818819504e-08	0.999657392501831	0.021150346845388412	-0.015423651784658432
9.680624644774338e-08	0.9996605515480042	0.021737419068813324	-0.014367629773914814
9.697931333049305e-08	0.999666690826416	0.02275886759161949	-0.012187980115413666
9.706614358904538e-08	0.9996697902679443	0.02319135144352913	-0.011068983003497124
9.715318304109464e-08	0.9996728897094727	0.023570623248815536	-0.009933657012879848
9.724042395579913e-08	0.9996758699417114	0.023895930498838425	-0.00878462940454483
9.732786392027647e-08	0.999678909778595	0.024166686460375786	-0.007624450139701366
9.741552107077982e-08	0.9996819496154785	0.02438247948884964	-0.006455442402511835
9.750335965305473e-08	0.9996849298477173	0.024542875587940216	-0.005280701909214258
9.76796981749272e-08	0.9996907711029053	0.024696923792362213	-0.0029228830244392157
9.776816494220883e-08	0.9996936321258545	0.02469046786427498	-0.00174552365206182
9.785684527316081e-08	0.9996964931488037	0.02462850883603096	-0.0005724913789890707
9.794572478840247e-08	0.9996993541717529	0.024511341005563736	0.0005933857755735517
9.803482556851228e-08	0.9997022151947021	0.024339333176612854	0.001749752787873149
9.812415625139151e-08	0.9997050762176514	0.024112965911626816	0.002894127508625388
9.82136805479491e-08	0.9997078776359558	0.023832974955439568	0.004023433197289705
9.830340466859737e-08	0.9997106790542603	0.02350015565752983	0.005135236773639917
9.84835294185513e-08	0.9997161626815796	0.0226794071495533	0.007297141011804342
9.85739080485074e-08	0.9997189044952393	0.022193720564246178	0.008342067711055279
9.866450770744547e-08	0.9997216463088989	0.021659433841705322	0.009359878487884998
9.875533160579247e-08	0.9997243285179138	0.02107788436114788	0.010348290205001831
9.884637288614891e-08	0.9997269511222839	0.020450590178370476	0.011304950341582298
9.893764572798186e-08	0.9997296333312988	0.019779082387685776	0.012227846309542656
9.902912409917356e-08	0.999732255935669	0.01906525157392025	0.013114562258124352
9.912084101104476e-08	0.9997348785400391	0.018310654908418655	0.013963361270725727
9.921275885433806e-08	0.9997375011444092	0.01751752197742462	0.014771969988942146
9.930491429353234e-08	0.9997400045394897	0.01668756827712059	0.015538889914751053
9.948990337299709e-08	0.9997451305389404	0.014926029369235039	0.01694028452038765
9.958274980056925e-08	0.999747633934021	0.013998804613947868	0.017571639269590378
9.967583087210075e-08	0.9997501373291016	0.013043735176324844	0.018154794350266457
9.976907975056935e-08	0.9997526407241821	0.012063965201377869	0.01868806779384613
9.986261831088791e-08	0.9997550845146179	0.011060729622840881	0.019170943647623062
9.995639581964293e-08	0.9997575283050537	0.010037119500339031	0.019601993262767792
1.0005039529448603e-07	0.9997599720954895	0.008995965123176575	0.019980235025286674
