#t	<mx>	<my>	<mz>	B_ext_x	B_ext_y	B_ext_z
0	0	1	0	0.001	0	0
1.0099999999999994e-10	0.0017594981842919423	0.9998436643023577	0.017594064924685248	0.001	0	0
2.0199999999999959e-10	0.003518985474389492	0.999374708026931	0.035182519769305774	0.001	0	0
3.0299999999999926e-10	0.0052784509763680815	0.9985932836090509	0.052759756312778225	0.001	0	0
4.039999999999989e-10	0.007037883796842745	0.9974996450503694	0.07032017005134097	0.001	0	0
5.049999999999986e-10	0.008797273043237887	0.9960941478330311	0.08785816205561299	0.001	0	0
6.059999999999982e-10	0.010556607824057	0.994377248799558	0.10536814082573041	0.001	0	0
7.069999999999979e-10	0.012315877249152353	0.992349505998485	0.12284452414392177	0.001	0	0
8.079999999999975e-10	0.014075070429994617	0.9900115784958048	0.1402817409238836	0.001	0	0
9.089999999999972e-10	0.015834176479942272	0.9873642261522869	0.1576742330563166	0.001	0	0
1.010000000000005e-09	0.017593184514511143	0.984408309366749	0.17501645724998985	0.001	0	0
1.111000000000015e-09	0.01935208365164365	0.9811447887853708	0.1923028868676967	0.001	0	0
1.2120000000000252e-09	0.021110863011977926	0.9775747249771544	0.20952801375646682	0.001	0	0
1.3130000000000353e-09	0.022869511719116914	0.9736992780756444	0.2266863500714112	0.001	0	0
1.4140000000000454e-09	0.02462801889989722	0.9695197073870303	0.24377243009256278	0.001	0	0
1.5150000000000555e-09	0.026386373684657908	0.9650373709647784	0.2607808120340956	0.001	0	0
1.6160000000000656e-09	0.028144565207508805	0.960253725150932	0.2777060798452905	0.001	0	0
1.7170000000000757e-09	0.02990258260659903	0.9551703240842491	0.29454284500263506	0.001	0	0
1.8180000000000857e-09	0.03166041502438491	0.9497888191753471	0.31128574829243927	0.001	0	0
1.919000000000084e-09	0.03341805160789818	0.9441109585490403	0.32792946158334735	0.001	0	0
2.0200000000000733e-09	0.035175481509013236	0.9381385864540674	0.34446868958814447	0.001	0	0
2.1210000000000625e-09	0.036932693884714804	0.9318736426404126	0.36089817161424703	0.001	0	0
2.2220000000000517e-09	0.03868967789736489	0.9253181617044464	0.377212683302275	0.001	0	0
2.323000000000041e-09	0.040446422714969864	0.9184742724021079	0.39340703835211244	0.001	0	0
2.42400000000003e-09	0.04220291751144662	0.9113441969303794	0.40947609023585757	0.001	0	0
2.5250000000000193e-09	0.043959151466889175	0.9039302501772967	0.42541473389707746	0.001	0	0
2.6260000000000085e-09	0.04571511376783432	0.896234838940767	0.4412179074357835	0.001	0	0
2.7269999999999977e-09	0.047470793607527415	0.8882604611164628	0.45688059377855017	0.001	0	0
2.827999999999987e-09	0.049226180186187324	0.8800097048550813	0.4723978223332002	0.001	0	0
2.928999999999976e-09	0.05098126271127152	0.871485247689264	0.48776467062749257	0.001	0	0
3.0299999999999653e-09	0.05273603039774046	0.8626898556304833	0.5029762659312513	0.001	0	0
3.1309999999999545e-09	0.054490472468321546	0.853626382236213	0.518027786861375	0.001	0	0
3.2319999999999438e-09	0.056244578153773275	0.8442977676477124	0.5329144649691858	0.001	0	0
3.332999999999933e-09	0.05799833669314779	0.8347070375987606	0.5476315863095641	0.001	0	0
3.433999999999922e-09	0.059751737334054186	0.8248573023956871	0.5621744929913419	0.001	0	0
3.5349999999999114e-09	0.0615047693329206	0.8147517558690599	0.5765385847084199	0.001	0	0
3.6359999999999006e-09	0.06325742195525647	0.8043936742974018	0.5907193202510819	0.001	0	0
3.736999999999895e-09	0.06500968447591375	0.7937864153033025	0.6047122189969997	0.001	0	0
3.837999999999926e-09	0.06676154617934774	0.7829334167223264	0.6185128623814117	0.001	0	0
3.938999999999957e-09	0.06851299635987775	0.7718381954451036	0.6321168953459777	0.001	0	0
4.039999999999988e-09	0.07026402432194696	0.7605043462330167	0.6455200277658137	0.001	0	0
4.141000000000019e-09	0.07201461938038192	0.7489355405078923	0.6587180358542264	0.001	0	0
4.24200000000005e-09	0.07376477086065085	0.7371355251161296	0.6717067635446614	0.001	0	0
4.343000000000081e-09	0.0755144680991232	0.7251081210676902	0.6844821238494039	0.001	0	0
4.444000000000112e-09	0.077263700443326	0.7128572222503967	0.6970401001945674	0.001	0	0
4.545000000000143e-09	0.0790124572522018	0.7003867941199965	0.7093767477309098	0.001	0	0
4.646000000000174e-09	0.08076072789636521	0.6877008723664335	0.7214881946200477	0.001	0	0
4.7470000000002046e-09	0.08250850175835833	0.6748035615568082	0.7333706432956245	0.001	0	0
4.8480000000002355e-09	0.08425576823290686	0.6616990337555008	0.7450203716990023	0.001	0	0
4.9490000000002665e-09	0.08600251672717422	0.6483915271219295	0.7564337344890725	0.001	0	0
5.0500000000002975e-09	0.08774873666101589	0.6348853444864504	0.7676071642257627	0.001	0	0
5.1510000000003285e-09	0.08949441746723276	0.6211848519048808	0.7785371725268564	0.001	0	0
5.2520000000003595e-09	0.09123954859182366	0.6072944771921683	0.7892203511977192	0.001	0	0
5.3530000000003905e-09	0.09298411949423792	0.5932187084356987	0.799653373333573	0.001	0	0
5.4540000000004214e-09	0.09472811964762612	0.5789620924887867	0.8098329943939249	0.001	0	0
5.5550000000004524e-09	0.096471538539091	0.564529233444849	0.8197560532488137	0.001	0	0
5.656000000000483e-09	0.09821436566993742	0.5499247910928161	0.8294194731965091	0.001	0	0
5.757000000000514e-09	0.0999565905559219	0.5351534793543062	0.8388202629523298	0.001	0	0
5.858000000000545e-09	0.10169820272749987	0.5202200647031165	0.8479555176082539	0.001	0	0
5.959000000000576e-09	0.10343919173007499	0.5051293645675794	0.8568224195629934	0.001	0	0
6.060000000000607e-09	0.10517954712424478	0.4898862457163371	0.8654182394222412	0.001	0	0
6.161000000000638e-09	0.10691925848604714	0.4744956226281075	0.8737403368687738	0.001	0	0
6.262000000000669e-09	0.10865831540720611	0.45896245584599776	0.8817861615021404	0.001	0	0
6.3630000000007e-09	0.11039670749537578	0.4432917503169494	0.8895532536476475	0.001	0	0
6.464000000000731e-09	0.11213442437438437	0.4274885537168896	0.8970392451343853	0.001	0	0
6.565000000000762e-09	0.1138714556844769	0.4115579547621634	0.9042418600420373	0.001	0	0
6.666000000000793e-09	0.11560779108255755	0.3955050815078542	0.9111589154162282	0.001	0	0
6.767000000000824e-09	0.11734342024243018	0.3793350996335597	0.9177883219521842	0.001	0	0
6.868000000000855e-09	0.11907833285503973	0.3630532107172418	0.9241280846464772	0.001	0	0
6.969000000000886e-09	0.12081251862871036	0.34666465049773704	0.9301763034166531	0.001	0	0
7.070000000000917e-09	0.12254596728938486	0.3301746871265333	0.9359311736885383	0.001	0	0
7.171000000000948e-09	0.12427866858086245	0.31358861940942473	0.9413909869510432	0.001	0	0
7.272000000000979e-09	0.12601061226503468	0.29691177503865107	0.9465541312782848	0.001	0	0
7.37300000000101e-09	0.12774178812212186	0.2801495088161344	0.9514190918188691	0.001	0	0
7.474000000001022e-09	0.12947218595090806	0.26330720086843207	0.9559844512521765	0.001	0	0
7.57500000000097e-09	0.1312017955689746	0.2463902548540228	0.9602488902115154	0.001	0	0
7.676000000000917e-09	0.13293060681293303	0.22940409616354715	0.9642111876740134	0.001	0	0
7.777000000000864e-09	0.13465860953865777	0.21235417011362692	0.967870221317129	0.001	0	0
7.878000000000812e-09	0.1363857936215162	0.19524594013488572	0.9712249678416807	0.001	0	0
7.97900000000076e-09	0.1381121489565996	0.17808488595480026	0.9742745032613016	0.001	0	0
8.080000000000707e-09	0.1398376654589511	0.16087650177600962	0.9770180031582346	0.001	0	0
8.181000000000654e-09	0.14156233306379581	0.1436262944507107	0.9794547429054048	0.001	0	0
8.282000000000602e-09	0.14328614172676518	0.12633978165177134	0.9815840978547076	0.001	0	0
8.383000000000549e-09	0.14500908142412444	0.10902249004119385	0.9834055434914679	0.001	0	0
8.484000000000496e-09	0.14673114215299793	0.09167995343655637	0.9849186555550401	0.001	0	0
8.585000000000444e-09	0.14845231393159128	0.07431771097606797	0.9861231101255228	0.001	0	0
8.686000000000391e-09	0.15017258679941653	0.056941305282868566	0.9870186836765831	0.001	0	0
8.787000000000339e-09	0.15189195081751194	0.039556280629203834	0.9876052530943901	0.001	0	0
8.888000000000286e-09	0.15361039606866422	0.022168181101109165	0.987882795662672	0.001	0	0
8.989000000000234e-09	0.15532791265762624	0.004782548764231719	0.9878513890139259	0.001	0	0
9.090000000000181e-09	0.15704449071133766	-0.012595078168578185	0.9875112110468135	0.001	0	0
9.191000000000128e-09	0.15876012037914047	-0.029959167167278016	0.9868625398097973	0.001	0	0
9.292000000000076e-09	0.16047479183299612	-0.04730419321161789	0.985905753351077	0.001	0	0
9.393000000000023e-09	0.16218849526770066	-0.06462464061447341	0.9846413295348969	0.001	0	0
9.49399999999997e-09	0.16390122090109835	-0.08191500484090207	0.983069845824316	0.001	0	0
9.594999999999918e-09	0.16561295897429495	-0.09916979432230001	0.9811919790305317	0.001	0	0
9.695999999999866e-09	0.16732369975186906	-0.11638353226503945	0.9790085050288679	0.001	0	0
9.796999999999813e-09	0.1690334335220829	-0.13355075845296743	0.9765202984415494	0.001	0	0
9.89799999999976e-09	0.17074215059709033	-0.15066603104315307	0.9737283322873913	0.001	0	0
9.998999999999708e-09	0.17244984131314742	-0.16772392835426675	0.9706336775985485	0.001	0	0
1.0099999999999655e-08	0.17415649603081754	-0.18471905064698518	0.9672375030044815	0.001	0	0
1.0200999999999603e-08	0.1758621051351778	-0.20164602189581507	0.9635410742833003	0.001	0	0
1.030199999999955e-08	0.17756665903602287	-0.21849949155172932	0.9595457538806685	0.001	0	0
1.0402999999999498e-08	0.17927014816806958	-0.2352741362950236	0.9552530003964548	0.001	0	0
1.0503999999999445e-08	0.18097256299115766	-0.2519646617777904	0.9506643680393282	0.001	0	0
1.0604999999999393e-08	0.18267389399045106	-0.26856580435542377	0.9457815060495156	0.001	0	0
1.070599999999934e-08	0.18437413167663838	-0.2850723328065682	0.9406061580899346	0.001	0	0
1.0806999999999287e-08	0.18607326658612966	-0.3014790500409253	0.9351401616059427	0.001	0	0
1.0907999999999235e-08	0.1877712892812544	-0.31778079479434695	0.9293854471539399	0.001	0	0
1.1008999999999182e-08	0.1894681903504577	-0.3339724433106352	0.923344037699084	0.001	0	0
1.110999999999913e-08	0.1911639604084945	-0.3500489110094886	0.91701804788238	0.001	0	0
1.1210999999999077e-08	0.1928585900966213	-0.366005154140025	0.9104096832574222	0.001	0	0
1.1311999999999025e-08	0.1945520700827909	-0.3818361714193317	0.9035212394970732	0.001	0	0
1.1412999999998972e-08	0.19624439106184183	-0.3975370056554882	0.896355101570374	0.001	0	0
1.151399999999892e-08	0.1979355437556859	-0.4131027453545123	0.8889137428899982	0.001	0	0
1.1614999999998867e-08	0.199625518913499	-0.4285285263107024	0.8811997244305595	0.001	0	0
1.1715999999998814e-08	0.2013143073119074	-0.4438095331798331	0.8732156938181	0.001	0	0
1.1816999999998762e-08	0.20300189975517077	-0.45894100103467556	0.8649643843911041	0.001	0	0
1.191799999999871e-08	0.2046882870753689	-0.4739182169023379	0.8564486142333703	0.001	0	0
1.2018999999998657e-08	0.20637346013258337	-0.48873652128289774	0.8476712851791058	0.001	0	0
1.2119999999998604e-08	0.20805740981507845	-0.5033913096488265	0.8386353817906086	0.001	0	0
1.2220999999998551e-08	0.20974012703948156	-0.5178780339247127	0.8293439703089039	0.001	0	0
1.2321999999998499e-08	0.21142160275096272	-0.5321922039467809	0.8198001975777283	0.001	0	0
1.2422999999998446e-08	0.21310182792340965	-0.5463293889017365	0.8100072899412428	0.001	0	0
1.2523999999998394e-08	0.21478079355960675	-0.5602852187444476	0.7999685521158891	0.001	0	0
1.2624999999998341e-08	0.21645849069140613	-0.574055385594009	0.7896873660367829	0.001	0	0
1.2725999999998289e-08	0.21813491037990354	-0.5876356451077129	0.7791671896790787	0.001	0	0
1.2826999999998236e-08	0.21981004371560964	-0.6010218178324893	0.7684115558547201	0.001	0	0
1.2927999999998184e-08	0.22148388181861844	-0.6142097905333678	0.7574240709850151	0.001	0	0
1.3028999999998131e-08	0.22315641583877766	-0.6271955174985115	0.7462084138494853	0.001	0	0
1.3129999999998078e-08	0.22482763695585714	-0.639975021820426	0.7347683343114282	0.001	0	0
1.3230999999998026e-08	0.22649753637971318	-0.6525443966528978	0.7231076520206562	0.001	0	0
1.3331999999997973e-08	0.22816610535045453	-0.6648998064432643	0.7112302550938866	0.001	0	0
1.343299999999792e-08	0.22983333513860443	-0.6770374881396256	0.6991400987732375	0.001	0	0
1.3533999999997868e-08	0.23149921704526386	-0.6889537523725826	0.6868412040633324	0.001	0	0
1.3634999999997816e-08	0.23316374240226953	-0.7006449846111492	0.674337656347479	0.001	0	0
1.3735999999997763e-08	0.23482690257235703	-0.7121076462924423	0.6616336039834363	0.001	0	0
1.383699999999771e-08	0.23648868894931316	-0.7233382759248076	0.6487332568792523	0.001	0	0
1.3937999999997658e-08	0.2381490929581365	-0.7343334901640071	0.6356408850496994	0.001	0	0
1.4038999999997605e-08	0.23980810605518912	-0.745089984862146	0.6223608171538036	0.001	0	0
1.4139999999997553e-08	0.24146571972835038	-0.7556045360889949	0.6088974390139973	0.001	0	0
1.42409999999975e-08	0.2431219254971695	-0.765874001125383	0.5952551921174191	0.001	0	0
1.4341999999997448e-08	0.24477671491301434	-0.7758953194283559	0.5814385720998929	0.001	0	0
1.4442999999997395e-08	0.24643007955922178	-0.7856655135677931	0.5674521272131173	0.001	0	0
1.4543999999997343e-08	0.2480820110512435	-0.79518169013419	0.5533004567756146	0.001	0	0
1.464499999999729e-08	0.24973250103679234	-0.8044410406173239	0.5389882096079892	0.001	0	0
1.4745999999997237e-08	0.25138154119598644	-0.8134408422555368	0.5245200824530303	0.001	0	0
1.4846999999997185e-08	0.2530291232414919	-0.822178458855367	0.5099008183812374	0.001	0	0
1.494799999999721e-08	0.25467523891866417	-0.8306513415812828	0.4951352051823184	0.001	0	0
1.5048999999997325e-08	0.2563198800056888	-0.8388570297152803	0.48022807374322324	0.001	0	0
1.514999999999744e-08	0.25796303831371825	-0.8467931513861141	0.4651842964132913	0.001	0	0
1.5250999999997554e-08	0.25960470568700855	-0.8544574242679431	0.45000878535707917	0.001	0	0
1.5351999999997668e-08	0.26124487400305707	-0.8618476562481858	0.43470649089544966	0.001	0	0
1.5452999999997783e-08	0.26288353517273233	-0.868961746064389	0.4192823998354987	0.001	0	0
1.5553999999997897e-08	0.26452068114041066	-0.8757976839099217	0.40374153378991123	0.001	0	0
1.5654999999998012e-08	0.26615630388410316	-0.8823535520083268	0.3880889474863232	0.001	0	0
1.5755999999998126e-08	0.2677903954155865	-0.8886275251561616	0.37232972706728545	0.001	0	0
1.585699999999824e-08	0.2694229477805311	-0.8946178712341791	0.35646898838142277	0.001	0	0
1.5957999999998355e-08	0.27105395305862645	-0.9003229516867077	0.34051187526637905	0.001	0	0
1.605899999999847e-08	0.2726834033637069	-0.9057412219691031	0.3244635578241447	0.001	0	0
1.6159999999998584e-08	0.27431129084387323	-0.9108712319631522	0.3083292306893679	0.001	0	0
1.62609999999987e-08	0.2759376076816167	-0.9157116263603234	0.29211411129125153	0.001	0	0
1.6361999999998813e-08	0.2775623460939349	-0.9202611450127697	0.27582343810963034	0.001	0	0
1.6462999999998928e-08	0.27918549833245304	-0.9245186232519961	0.2594624689258419	0.001	0	0
1.6563999999999042e-08	0.2808070566835433	-0.9284829921751265	0.24303647906898568	0.001	0	0
1.6664999999999157e-08	0.282427013468435	-0.9321532788987017	0.2265507596581826	0.001	0	0
1.676599999999927e-08	0.2840453610433328	-0.9355286067799652	0.2100106158414376	0.001	0	0
1.6866999999999386e-08	0.28566209179952673	-0.9386081956055936	0.19342136503171098	0.001	0	0
1.69679999999995e-08	0.28727719816350306	-0.9413913617478487	0.17678833514080752	0.001	0	0
1.7068999999999615e-08	0.28889067259705636	-0.9438775182881322	0.16011686281168938	0.001	0	0
1.716999999999973e-08	0.2905025075973938	-0.9460661751079439	0.14341229164981506	0.001	0	0
1.7270999999999844e-08	0.2921126956972433	-0.9479569389472466	0.12667997045411608	0.001	0	0
1.737199999999996e-08	0.29372122946495705	-0.9495495134302588	0.10992525144821298	0.001	0	0
1.7473000000000073e-08	0.29532810150461525	-0.9508436990587024	0.09315348851247496	0.001	0	0
1.7574000000000188e-08	0.29693330445612853	-0.9518393931725508	0.07637003541752833	0.001	0	0
1.7675000000000302e-08	0.29853683099533546	-0.9525365898783288	0.059580244059815046	0.001	0	0
1.7776000000000417e-08	0.30013867383410314	-0.9529353799450245	0.042789462699800086	0.001	0	0
1.787700000000053e-08	0.30173882572042454	-0.9530359506676938	0.02600303420342898	0.001	0	0
1.7978000000000646e-08	0.303337279438512	-0.9528385856988392	0.009226294287430731	0.001	0	0
1.807900000000076e-08	0.3049340278088912	-0.9523436648476648	-0.007535430230938805	0.001	0	0
1.8180000000000875e-08	0.3065290636884958	-0.9515516638473098	-0.024276823179120284	0.001	0	0
1.828100000000099e-08	0.30812237997075514	-0.9504631540901872	-0.040992580768851504	0.001	0	0
1.8382000000001104e-08	0.3097139695856859	-0.9490788023315493	-0.057677413329558384	0.001	0	0
1.848300000000122e-08	0.31130382549997637	-0.9473993703614325	-0.07432604703495133	0.001	0	0
1.8584000000001333e-08	0.3128919407170758	-0.9454257146451199	-0.09093322562224715	0.001	0	0
1.8685000000001447e-08	0.3144783082772787	-0.943158785932297	-0.10749371210343824	0.001	0	0
1.8786000000001562e-08	0.3160629212578051	-0.940599628835066	-0.12400229046803442	0.001	0	0
1.8887000000001677e-08	0.3176457727728857	-0.9377493813750059	-0.14045376737670795	0.001	0	0
1.898800000000179e-08	0.3192268559738371	-0.9346092744994718	-0.15684297384527654	0.001	0	0
1.9089000000001906e-08	0.3208061640491444	-0.9311806315673398	-0.17316476691845753	0.001	0	0
1.919000000000202e-08	0.32238369022453656	-0.9274648678044097	-0.18941403133284185	0.001	0	0
1.9291000000002135e-08	0.32395942776306036	-0.9234634897286966	-0.20558568116852924	0.001	0	0
1.939200000000225e-08	0.3255333699651554	-0.9191780945458398	-0.22167466148887788	0.001	0	0
1.9493000000002364e-08	0.3271055101687251	-0.9146103695148822	-0.2376759499678263	0.001	0	0
1.9594000000002478e-08	0.3286758417492104	-0.9097620912846694	-0.25358455850424516	0.001	0	0
1.9695000000002593e-08	0.3302443581196541	-0.9046351252011391	-0.26939553482279033	0.001	0	0
1.9796000000002707e-08	0.33181105273077155	-0.8992314245857729	-0.2851039640607244	0.001	0	0
1.9897000000002822e-08	0.333375919071015	-0.8935530299854967	-0.3007049703401891	0.001	0	0
1.9998000000002936e-08	0.3349389506666405	-0.8876020683943241	-0.3161937183254083	0.001	0	0
2.009900000000305e-08	0.3365001410817676	-0.8813807524470453	-0.331565414764313	0.001	0	0
2.0200000000003165e-08	0.3380594839184437	-0.8748913795852775	-0.34681531001408444	0.001	0	0
2.030100000000328e-08	0.33961697281670133	-0.868136331196196	-0.3619386995501154	0.001	0	0
2.0402000000003394e-08	0.3411726014546183	-0.8611180717242776	-0.3769309254579013	0.001	0	0
2.050300000000351e-08	0.3427263635483734	-0.853839147756399	-0.3917873779073728	0.001	0	0
2.0604000000003623e-08	0.3442782528523018	-0.8463021870806343	-0.40650349660919455	0.001	0	0
2.0705000000003738e-08	0.34582826315894916	-0.8385098977191165	-0.42107477225255513	0.001	0	0
2.0806000000003853e-08	0.34737638829912376	-0.8304650669353189	-0.435496747923992	0.001	0	0
2.0907000000003967e-08	0.3489226221419487	-0.8221705602161364	-0.44976502050678785	0.001	0	0
2.100800000000408e-08	0.35046695859490695	-0.8136293202291575	-0.46387524206048664	0.001	0	0
2.1109000000004196e-08	0.3520093916038939	-0.8048443657554933	-0.4778231211801017	0.001	0	0
2.121000000000431e-08	0.35354991515326	-0.7958187905985918	-0.49160442433456325	0.001	0	0
2.1311000000004425e-08	0.3550885232658576	-0.7865557624694198	-0.5052149771839929	0.001	0	0
2.141200000000454e-08	0.3566252100030828	-0.7770585218484363	-0.518650665875385	0.001	0	0
2.1513000000004654e-08	0.3581599694649185	-0.7673303808247803	-0.5319074383162793	0.001	0	0
2.161400000000477e-08	0.35969279578997226	-0.7573747219130952	-0.5449813054260256	0.001	0	0
2.1715000000004883e-08	0.3612236831555176	-0.747194996848429	-0.5578683423642522	0.001	0	0
2.1816000000004998e-08	0.3627526257775278	-0.7367947253596518	-0.5705646897361457	0.001	0	0
2.1917000000005112e-08	0.36427961791071867	-0.7261774939218352	-0.5830665547741734	0.001	0	0
2.2018000000005227e-08	0.3658046538485737	-0.7153469544880597	-0.5953702124958746	0.001	0	0
2.211900000000534e-08	0.36732772792338203	-0.7043068232011017	-0.6074720068373669	0.001	0	0
2.2220000000005456e-08	0.36884883450626854	-0.6930608790854722	-0.6193683517622125	0.001	0	0
2.232100000000557e-08	0.37036796800722643	-0.6816129627202815	-0.6310557323453123	0.001	0	0
2.2422000000005685e-08	0.3718851228751392	-0.6699669748934097	-0.6425307058314926	0.001	0	0
2.25230000000058e-08	0.3734002935978137	-0.6581268752374744	-0.6537899026684524	0.001	0	0
2.2624000000005914e-08	0.37491347470200415	-0.6460966808480682	-0.6648300275137845	0.001	0	0
2.272500000000603e-08	0.37642466075343245	-0.6338804648847943	-0.6756478602157342	0.001	0	0
2.2826000000006143e-08	0.3779338463568163	-0.6214823551555677	-0.6862402567674322	0.001	0	0
2.2927000000006258e-08	0.37944102615588426	-0.6089065326847137	-0.6966041502342987	0.001	0	0
2.3028000000006372e-08	0.3809461948334012	-0.5961572302653658	-0.7067365516543487	0.001	0	0
2.3129000000006487e-08	0.3824493471111825	-0.5832387309966756	-0.7166345509111446	0.001	0	0
2.32300000000066e-08	0.3839504777501129	-0.5701553668063639	-0.726295317579124	0.001	0	0
2.3331000000006716e-08	0.38544958155016	-0.5569115169591333	-0.7357161017410747	0.001	0	0
2.343200000000683e-08	0.3869466533503902	-0.5435116065514705	-0.7448942347775104	0.001	0	0
2.3533000000006945e-08	0.3884416880289798	-0.5299601049933655	-0.7538271301277355	0.001	0	0
2.363400000000706e-08	0.3899346805032266	-0.5162615244775015	-0.762512284022371	0.001	0	0
2.3735000000007174e-08	0.3914256257295587	-0.5024204184364361	-0.7709472761871461	0.001	0	0
2.3836000000007288e-08	0.3929145187035447	-0.4884413799883253	-0.7791297705177631	0.001	0	0
2.3937000000007403e-08	0.3944013544598988	-0.4743290403717367	-0.7870575157256455	0.001	0	0
2.4038000000007517e-08	0.3958861280724866	-0.4600880673700979	-0.7947283459544041	0.001	0	0
2.4139000000007632e-08	0.39736883465432987	-0.4457231637263354	-0.8021401813668523	0.001	0	0
2.4240000000007746e-08	0.3988494693576079	-0.43123906554825137	-0.8092910287024229	0.001	0	0
2.434100000000786e-08	0.40032802737366097	-0.41664054070520185	-0.8161789818048433	0.001	0	0
2.4442000000007975e-08	0.40180450393298756	-0.40193238721662916	-0.8228022221199378	0.001	0	0
2.454300000000809e-08	0.4032788943052453	-0.3871194316330128	-0.8291590191634365	0.001	0	0
2.4644000000008204e-08	0.404751193799247	-0.3722065274097943	-0.8352477309586817	0.001	0	0
2.474500000000832e-08	0.40622139776295596	-0.35719855327484473	-0.8410668044441346	0.001	0	0
2.4846000000008434e-08	0.4076895015834824	-0.3421004115900406	-0.8466147758505851	0.001	0	0
2.4947000000008548e-08	0.4091555006870753	-0.32691702670750333	-0.8518902710479997	0.001	0	0
2.5048000000008663e-08	0.4106193905391135	-0.31165334332108474	-0.8568920058619272	0.001	0	0
2.5149000000008777e-08	0.4120811666440974	-0.29631432481364606	-0.8616187863594158	0.001	0	0
2.525000000000889e-08	0.41354082454563745	-0.28090495160071544	-0.8660695091043871	0.001	0	0
2.5351000000009006e-08	0.41499835982644306	-0.2654302194710803	-0.870243161382436	0.001	0	0
2.545200000000912e-08	0.4164537681083075	-0.24989513792488752	-0.8741388213950307	0.001	0	0
2.5553000000009235e-08	0.41790704505209453	-0.23430472850981612	-0.8777556584230991	0.001	0	0
2.565400000000935e-08	0.419358186357721	-0.2186640231558911	-0.8810929329599931	0.001	0	0
2.5755000000009464e-08	0.42080718776414	-0.20297806250950307	-0.8841499968138461	0.001	0	0
2.585600000000958e-08	0.42225404504932307	-0.18725189426720243	-0.886926293179331	0.001	0	0
2.5957000000009693e-08	0.4236987540302387	-0.1714905715098297	-0.8894213566788552	0.001	0	0
2.6058000000009808e-08	0.4251413105628327	-0.15569915103754903	-0.8916348133732237	0.001	0	0
2.6159000000009922e-08	0.4265817105420024	-0.1398826917063436	-0.8935663807418267	0.001	0	0
2.6260000000010037e-08	0.4280199499015766	-0.12404625276653398	-0.8952158676324015	0.001	0	0
2.636100000001015e-08	0.4294560246142899	-0.10819489220388591	-0.8965831741804439	0.001	0	0
2.6462000000010266e-08	0.43088993069175435	-0.0923336650838527	-0.8976682916983524	0.001	0	0
2.656300000001038e-08	0.4323216641844338	-0.07646762189951517	-0.8984713025343852	0.001	0	0
2.6664000000010495e-08	0.4337512211816138	-0.06060180692377098	-0.8989923799015388	0.001	0	0
2.676500000001061e-08	0.435178597811372	-0.04474125656632199	-0.899231787676456	0.001	0	0
2.6866000000010724e-08	0.4366037902405467	-0.028890997736007226	-0.8991898801684808	0.001	0	0
2.696700000001084e-08	0.43802679467470595	-0.013056046209027783	-0.898867101858996	0.001	0	0
2.7068000000010953e-08	0.4394476073581102	0.002758594996396474	-0.8982639871111822	0.001	0	0
2.7169000000011068e-08	0.44086622457368235	0.018547937238398992	-0.8973811598503437	0.001	0	0
2.7270000000011182e-08	0.44228264264296635	0.034307007862332484	-0.8962193332149714	0.001	0	0
2.7371000000011297e-08	0.443696857926095	0.05003085180359806	-0.8947793091787032	0.001	0	0
2.747200000001141e-08	0.44510886682174644	0.06571453318190848	-0.8930619781433675	0.001	0	0
2.7573000000011526e-08	0.4465186657671097	0.08135313688646371	-0.8910683185032967	0.001	0	0
2.767400000001164e-08	0.44792625123783897	0.09694177015151785	-0.8887993961811106	0.001	0	0
2.7775000000011755e-08	0.44933161974801406	0.1124755641218219	-0.8862563641351774	0.001	0	0
2.787600000001187e-08	0.4507347678500974	0.1279496754074341	-0.8834404618389692	0.001	0	0
2.7977000000011984e-08	0.4521356921348898	0.14335928762738706	-0.8803530147325402	0.001	0	0
2.80780000000121e-08	0.45353438923148337	0.15869961294171625	-0.8769954336463645	0.001	0	0
2.8179000000012213e-08	0.4549308558072156	0.17396589357134726	-0.8733692141977739	0.001	0	0
2.8280000000012327e-08	0.4563250885676237	0.1891534033053573	-0.8694759361602546	0.001	0	0
2.8381000000012442e-08	0.4577170842563918	0.2042574489951173	-0.8653172628058649	0.001	0	0
2.8482000000012556e-08	0.4591068396553045	0.2192733720348404	-0.8608949402210406	0.001	0	0
2.858300000001267e-08	0.4604943515841944	0.23419654982806182	-0.8562107965960747	0.001	0	0
2.8684000000012786e-08	0.4618796169008896	0.24902239723957337	-0.8512667414885559	0.001	0	0
2.87850000000129e-08	0.4632626325011608	0.26374636803236134	-0.8460647650610635	0.001	0	0
2.8886000000013015e-08	0.46464339531866666	0.27836395628907923	-0.8406069372934253	0.001	0	0
2.898700000001313e-08	0.46602190232489954	0.29287069781760994	-0.8348954071698491	0.001	0	0
2.9088000000013244e-08	0.4673981505291275	0.3072621715402781	-0.8289324018412503	0.001	0	0
2.9189000000013358e-08	0.4687721369783378	0.32153400086625894	-0.822720225763108	0.001	0	0
2.9290000000013473e-08	0.4701438587571768	0.3356818550467711	-0.8162612598091804	0.001	0	0
2.9391000000013587e-08	0.47151331298789206	0.3497014505126116	-0.8095579603614294	0.001	0	0
2.9492000000013702e-08	0.4728804968302703	0.36358855219363034	-0.8026128583765004	0.001	0	0
2.9593000000013816e-08	0.47424540748157695	0.3773389748197212	-0.7954285584291244	0.001	0	0
2.969400000001393e-08	0.475608042176491	0.39094858420293316	-0.7880077377328013	0.001	0	0
2.9795000000014045e-08	0.4769683981870458	0.4044132985003018	-0.7803531451381418	0.001	0	0
2.989600000001416e-08	0.4783264728225583	0.41772908945701626	-0.7724676001092489	0.001	0	0
2.9997000000014274e-08	0.47968226342956766	0.4308919836295335	-0.7643539916785237	0.001	0	0
3.009800000001439e-08	0.4810357673917672	0.4438980635882726	-0.7560152773802892	0.001	0	0
3.0199000000014503e-08	0.4823869821299353	0.4567434690995235	-0.7474544821636339	0.001	0	0
3.030000000001462e-08	0.48373590510186953	0.46942439828620186	-0.7386746972848823	0.001	0	0
3.040100000001473e-08	0.4850825338023129	0.48193710876711515	-0.7296790791801021	0.001	0	0
3.050200000001485e-08	0.4864268657628878	0.4942779187743869	-0.7204708483180665	0.001	0	0
3.060300000001496e-08	0.4877688985520209	0.506443208248707	-0.7110532880341003	0.001	0	0
3.0704000000015076e-08	0.48910862977487163	0.5184294199120845	-0.7014297433452386	0.001	0	0
3.080500000001519e-08	0.49044605707325906	0.5302330603177923	-0.6916036197471223	0.001	0	0
3.0906000000015305e-08	0.491781178125587	0.5418507008771731	-0.6815783819930954	0.001	0	0
3.100700000001542e-08	0.4931139906467692	0.5532789788630342	-0.6713575528559251	0.001	0	0
3.1108000000015534e-08	0.4944444923881519	0.5645145983893229	-0.6609447118726076	0.001	0	0
3.120900000001565e-08	0.4957726811374375	0.5755543313667987	-0.65034349407272	0.001	0	0
3.131000000001576e-08	0.49709855471860703	0.5863950184344399	-0.6395575886907646	0.001	0	0
3.141100000001588e-08	0.498422110991839	0.5970335698663042	-0.628590737862988	0.001	0	0
3.151200000001599e-08	0.49974334785343216	0.6074669664536064	-0.6174467353091248	0.001	0	0
3.161300000001611e-08	0.5010622632357218	0.617692260361741	-0.6061294249995619	0.001	0	0
3.171400000001622e-08	0.5023788551070031	0.6277065759620327	-0.5946426998083788	0.001	0	0
3.1815000000016336e-08	0.5036931214714435	0.6375071106379844	-0.5829905001527577	0.001	0	0
3.191600000001645e-08	0.505005060369	0.6470911355657819	-0.5711768126192532	0.001	0	0
3.2017000000016565e-08	0.5063146698753388	0.656455996468872	-0.5592056685773912	0.001	0	0
3.211800000001668e-08	0.5076219481017461	0.6655991143463958	-0.5470811427811066	0.001	0	0
3.2219000000016794e-08	0.5089268931950436	0.6745179861752897	-0.5348073519585091	0.001	0	0
3.232000000001691e-08	0.5102295033375053	0.6832101855858704	-0.522388453390466	0.001	0	0
3.242100000001702e-08	0.5115297767467656	0.6916733635107366	-0.5098286434785207	0.001	0	0
3.252200000001714e-08	0.512827711675729	0.6999052488068173	-0.4971321563026302	0.001	0	0
3.262300000001725e-08	0.5141233064124903	0.7079036488504085	-0.48430326216923864	0.001	0	0
3.2724000000017367e-08	0.5154165592802334	0.7156664501050736	-0.47134626615019215	0.001	0	0
3.282500000001748e-08	0.516707468637152	0.7231916186622426	-0.4582655066130028	0.001	0	0
3.2926000000017596e-08	0.5179960328763481	0.7304772007544156	-0.44506535374297396	0.001	0	0
3.302700000001771e-08	0.5192822504257445	0.7375213232408294	-0.4317502080577037	0.001	0	0
3.3128000000017825e-08	0.5205661197479948	0.7443221940654972	-0.4183244989144681	0.001	0	0
3.322900000001794e-08	0.5218476393403843	0.7508781026875191	-0.40479268301101984	0.001	0	0
3.3330000000018054e-08	0.5231268077347374	0.7571874204835759	-0.39115924288030257	0.001	0	0
3.343100000001817e-08	0.5244036234973252	0.7632486011225301	-0.3774286853796044	0.001	0	0
3.353200000001828e-08	0.5256780852287667	0.7690601809120683	-0.3636055401746709	0.001	0	0
3.36330000000184e-08	0.5269501915639311	0.7746207791173245	-0.34969435821929623	0.001	0	0
3.373400000001851e-08	0.5282199411718456	0.779929098251435	-0.33569971023090794	0.001	0	0
3.3835000000018626e-08	0.5294873327555923	0.7849839243379937	-0.32162618516266905	0.001	0	0
3.393600000001874e-08	0.5307523650522135	0.7897841271453693	-0.3074783886726178	0.001	0	0
3.4037000000018855e-08	0.5320150368326088	0.7943286603928712	-0.29326094159036076	0.001	0	0
3.413800000001897e-08	0.5332753469014385	0.7986165619287536	-0.2789784783818413	0.001	0	0
3.4239000000019084e-08	0.5345332940970202	0.8026469538800581	-0.26463564561270386	0.001	0	0
3.43400000000192e-08	0.5357888772912279	0.8064190427742999	-0.25023710041076525	0.001	0	0
3.4441000000019314e-08	0.5370420953893942	0.8099321196330234	-0.23578750892811656	0.001	0	0
3.454200000001943e-08	0.5382929473302009	0.8131855600372533	-0.22129154480337562	0.001	0	0
3.464300000001954e-08	0.5395414320855816	0.8161788241648754	-0.20675388762458932	0.001	0	0
3.474400000001966e-08	0.540787548660615	0.8189114568000023	-0.19217922139331498	0.001	0	0
3.484500000001977e-08	0.542031296093417	0.821383087314377	-0.17757223299038888	0.001	0	0
3.4946000000019886e-08	0.5432726734550453	0.8235934296208718	-0.1629376106438834	0.001	0	0
3.504700000002e-08	0.5445116798493856	0.8255422820991793	-0.1482800423997757	0.001	0	0
3.5148000000020115e-08	0.545748314413048	0.8272295274937606	-0.13360421459582236	0.001	0	0
3.524900000002023e-08	0.54698257631526	0.8286551327841551	-0.11891481033914696	0.001	0	0
3.5350000000020344e-08	0.5482144647577575	0.8298191490277523	-0.10421650798804553	0.001	0	0
3.545100000002046e-08	0.5494439789746802	0.8307217111751375	-0.0895139796385062	0.001	0	0
3.555200000002057e-08	0.5506711182324613	0.8313630378581329	-0.07481188961593815	0.001	0	0
3.565300000002069e-08	0.5518958818297165	0.8317434311506715	-0.06011489297260689	0.001	0	0
3.57540000000208e-08	0.5531182690971377	0.8318632763026279	-0.045427633991261124	0.001	0	0
3.585500000002092e-08	0.5543382793973806	0.8317230414467726	-0.030754744695443266	0.001	0	0
3.595600000002103e-08	0.5555559121249549	0.8313232772789908	-0.016100843366963283	0.001	0	0
3.6057000000021146e-08	0.556771166706113	0.8306646167119439	-0.0014705330710180604	0.001	0	0
3.615800000002126e-08	0.5579840425987368	0.82974777450234	0.013131599810568339	0.001	0	0
3.6259000000021375e-08	0.5591945392922288	0.8285735468519978	0.027700987037510474	0.001	0	0
3.636000000002149e-08	0.5604026563073962	0.8271428109828995	0.042233079960165364	0.001	0	0
3.6461000000021604e-08	0.5616083931963376	0.8254565246864294	0.056723350959110075	0.001	0	0
3.656200000002172e-08	0.5628117495423339	0.8235157258469994	0.07116729487473289	0.001	0	0
3.666300000002183e-08	0.564012724959728	0.8213215319402958	0.0855604304263827	0.001	0	0
3.676400000002195e-08	0.5652113190938126	0.8188751395063517	0.09989830162062575	0.001	0	0
3.686500000002206e-08	0.5664075316207177	0.8161778235976855	0.11417647914816345	0.001	0	0
3.6966000000022177e-08	0.5676013622472891	0.8132309372027541	0.12839056176897107	0.001	0	0
3.706700000002229e-08	0.5687928107109801	0.8100359106449486	0.14253617768521837	0.001	0	0
3.7168000000022406e-08	0.5699818767797284	0.806594250957412	0.15660898590154493	0.001	0	0
3.726900000002252e-08	0.5711685602518413	0.8029075412339223	0.17060467757226339	0.001	0	0
3.7370000000022635e-08	0.5723528609558812	0.7989774399561228	0.18451897733506425	0.001	0	0
3.747100000002275e-08	0.5735347787505444	0.7948056802973725	0.19834764463082177	0.001	0	0
3.7572000000022864e-08	0.5747143135245428	0.7903940694035092	0.2120864750090737	0.001	0	0
3.767300000002298e-08	0.5758914651964894	0.7857444876508026	0.22573130141878553	0.001	0	0
3.777400000002309e-08	0.5770662337147756	0.7808588878814167	0.23927799548400014	0.001	0	0
3.787500000002321e-08	0.5782386190574526	0.7757392946166725	0.25272246876397414	0.001	0	0
3.797600000002332e-08	0.5794086212321139	0.7703878032484284	0.2660606739974205	0.001	0	0
3.8077000000023436e-08	0.5805762402757715	0.7648065792089033	0.27928860633048663	0.001	0	0
3.817800000002355e-08	0.5817414762547403	0.7589978571192572	0.29240230452807825	0.001	0	0
3.8279000000023665e-08	0.5829043292645127	0.7529639399172787	0.3053978521681798	0.001	0	0
3.838000000002378e-08	0.5840647994296396	0.7467071979644985	0.31827137881880324	0.001	0	0
3.8481000000023895e-08	0.5852228869036131	0.7402300681330872	0.33101906119721564	0.001	0	0
3.858200000002401e-08	0.5863785918687342	0.7335350528728921	0.343637124311102	0.001	0	0
3.8683000000024124e-08	0.5875319145360026	0.7266247192589506	0.3561218425813147	0.001	0	0
3.878400000002424e-08	0.5886828551449856	0.719501698019863	0.36846954094589945	0.001	0	0
3.888500000002435e-08	0.5898314139637004	0.712168682547383	0.38067659594504466	0.001	0	0
3.898600000002447e-08	0.5909775912884891	0.7046284278875994	0.39273943678666356	0.001	0	0
3.908700000002458e-08	0.592121387443897	0.6968837497140908	0.40465454639228143	0.001	0	0
3.9188000000024696e-08	0.5932628027825456	0.6889375232834379	0.4164184624229343	0.001	0	0
3.928900000002481e-08	0.5944018376850132	0.6807926823734773	0.42802777828478017	0.001	0	0
3.9390000000024925e-08	0.5955384925597071	0.6724522182046947	0.43947914411414024	0.001	0	0
3.949100000002504e-08	0.5966727678427413	0.6639191783451576	0.4507692677416832	0.001	0	0
3.9592000000025154e-08	0.5978046639978124	0.6551966655993829	0.46189491563548646	0.001	0	0
3.969300000002527e-08	0.5989341815160711	0.6462878368815638	0.4728529138227059	0.001	0	0
3.9794000000025383e-08	0.6000613209160016	0.6371959020735408	0.4836401487896037	0.001	0	0
3.98950000000255e-08	0.601186082743293	0.6279241228679605	0.49425356835968026	0.001	0	0
3.999600000002561e-08	0.602308467570715	0.6184758115970246	0.5046901825496697	0.001	0	0
4.009700000002573e-08	0.6034284759979932	0.6088543300472579	0.5149470644031717	0.001	0	0
4.019800000002584e-08	0.6045461086516799	0.5990630882607269	0.5250213508016905	0.001	0	0
4.0299000000025956e-08	0.6056613661850309	0.5891055433231316	0.5349102432528657	0.001	0	0
4.040000000002607e-08	0.6067742492778772	0.5789851981392096	0.5446110086556907	0.001	0	0
4.0501000000026185e-08	0.6078847586364979	0.5687056001958911	0.5541209800425156	0.001	0	0
4.06020000000263e-08	0.6089928949934974	0.5582703403136418	0.5634375572976384	0.001	0	0
4.0703000000026414e-08	0.610098659107673	0.547683051386436	0.5725582078523213	0.001	0	0
4.080400000002653e-08	0.6112020517638906	0.5369474071108142	0.5814804673560273	0.001	0	0
4.090500000002664e-08	0.6123030737729577	0.5260671207044599	0.5902019403237396	0.001	0	0
4.100600000002676e-08	0.6134017259714927	0.5150459436147626	0.598720300759188	0.001	0	0
4.110700000002687e-08	0.614498009221802	0.5038876642178053	0.6070332927538378	0.001	0	0
4.120800000002699e-08	0.615591924411748	0.49259610650823893	0.6151387310615097	0.001	0	0
4.13090000000271e-08	0.6166834724546238	0.4811751287805069	0.6230345016484802	0.001	0	0
4.1410000000027216e-08	0.6177726542890225	0.4696286223018594	0.6307185622189608	0.001	0	0
4.151100000002733e-08	0.6188594708787123	0.4579605099776432	0.638188942715821	0.001	0	0
4.1612000000027445e-08	0.6199439232125018	0.4461747450093066	0.6454437457964654	0.001	0	0
4.171300000002756e-08	0.6210260123041211	0.434275309545595	0.6524811472837504	0.001	0	0
4.1814000000027674e-08	0.622105739192086	0.42226621332740016	0.6592993965918723	0.001	0	0
4.191500000002779e-08	0.6231831049395703	0.4101514923267213	0.6658968171271282	0.001	0	0
4.20160000000279e-08	0.6242581106342794	0.39793520738021754	0.6722718066634829	0.001	0	0
4.211700000002802e-08	0.6253307573883173	0.38562144281779787	0.6784228376928899	0.001	0	0
4.221800000002813e-08	0.6264010463380634	0.3732143050867378	0.6843484577502918	0.001	0	0
4.2319000000028247e-08	0.6274689786440362	0.36071792137177483	0.6900472897132749	0.001	0	0
4.242000000002836e-08	0.6285345554907718	0.34813643821165446	0.6955180320763229	0.001	0	0
4.2521000000028476e-08	0.6295977780866892	0.3354740201125992	0.7007594591996569	0.001	0	0
4.262200000002859e-08	0.6306586476639613	0.322734848159159	0.7057704215326313	0.001	0	0
4.2723000000028705e-08	0.6317171654783901	0.3099231186229167	0.7105498458116742	0.001	0	0
4.282400000002882e-08	0.6327733328092712	0.29704304156951056	0.7150967352327805	0.001	0	0
4.2925000000028934e-08	0.6338271509592684	0.2840988394644441	0.7194101695985489	0.001	0	0
4.302600000002905e-08	0.6348786212542837	0.2710947457781472	0.7234893054397844	0.001	0	0
4.312700000002916e-08	0.6359277450433255	0.25803500359074616	0.7273333761116939	0.001	0	0
4.322800000002928e-08	0.6369745236983824	0.2449238641970154	0.7309416918646937	0.001	0	0
4.332900000002939e-08	0.6380189586142911	0.2317655857119671	0.7343136398898801	0.001	0	0
4.3430000000029506e-08	0.6390610512086062	0.21856443167753695	0.7374486843392064	0.001	0	0
4.353100000002962e-08	0.6401008029214745	0.2053246696708304	0.7403463663204192	0.001	0	0
4.3632000000029735e-08	0.6411382152154995	0.19205056991438213	0.7430063038668279	0.001	0	0
4.373300000002985e-08	0.6421732895756184	0.17874640388888288	0.745428191881969	0.001	0	0
4.3834000000029964e-08	0.6432060275089672	0.16541644294883348	0.7476118020592566	0.001	0	0
4.393500000003008e-08	0.6442364305447539	0.15206495694156844	0.7495569827767021	0.001	0	0
4.4036000000030193e-08	0.645264500234128	0.138696212830102	0.7512636589668026	0.001	0	0
4.413700000003031e-08	0.6462902381500487	0.12531447332024245	0.7527318319617043	0.001	0	0
4.423800000003042e-08	0.6473136458871614	0.11192399549241784	0.7539615793137497	0.001	0	0
4.433900000003054e-08	0.6483347250616623	0.09852902943865426	0.7549530545915393	0.001	0	0
4.444000000003065e-08	0.6493534773111711	0.08513381690514221	0.7557064871516269	0.001	0	0
4.4541000000030766e-08	0.6503699042946021	0.0717425899408301	0.7562221818859933	0.001	0	0
4.464200000003088e-08	0.6513840076920335	0.058359569552471895	0.7565005189454367	0.001	0	0
4.4743000000030995e-08	0.6523957892045801	0.044988964366559775	0.7565419534390395	0.001	0	0
4.484400000003111e-08	0.6534052505542604	0.03163496929856751	0.7563470151098655	0.001	0	0
4.4945000000031224e-08	0.6544123934838731	0.01830176422992265	0.7559163079870554	0.001	0	0
4.504600000003134e-08	0.6554172197568612	0.004993512693128349	0.7552505100145052	0.001	0	0
4.514700000003145e-08	0.6564197311571887	-0.008285639434553446	0.7543503726562907	0.001	0	0
4.524800000003157e-08	0.6574199294892086	-0.021531565228446972	0.7532167204790514	0.001	0	0
4.534900000003168e-08	0.6584178165775327	-0.034740158004430144	0.7518504507115107	0.001	0	0
4.54500000000318e-08	0.6594133942669099	-0.047907332597123174	0.7502525327813439	0.001	0	0
4.555100000003191e-08	0.6604066644220846	-0.06102902662790126	0.7484240078296174	0.001	0	0
4.5652000000032026e-08	0.661397628927685	-0.07410120176233873	0.7463659882029817	0.001	0	0
4.575300000003214e-08	0.6623862896880769	-0.08711984495669627	0.7440796569238971	0.001	0	0
4.5854000000032255e-08	0.6633726486272484	-0.10008096969306872	0.7415662671390632	0.001	0	0
4.595500000003237e-08	0.6643567076886766	-0.11298061720281367	0.7388271415463387	0.001	0	0
4.6056000000032484e-08	0.665338468835198	-0.12581485767788858	0.7358636718003729	0.001	0	0
4.61570000000326e-08	0.6663179340488837	-0.13857979146972688	0.7326773178971999	0.001	0	0
4.625800000003271e-08	0.6672951053309091	-0.15127155027529043	0.7292696075380637	0.001	0	0
4.635900000003283e-08	0.6682699847014288	-0.16388629830993873	0.7256421354727259	0.001	0	0
4.646000000003294e-08	0.6692425741994446	-0.1764202334667646	0.7217965628225402	0.001	0	0
4.6561000000033057e-08	0.6702128758826813	-0.1888695884620475	0.7177346163835505	0.001	0	0
4.666200000003317e-08	0.6711808918274597	-0.201230631966482	0.7134580879099109	0.001	0	0
4.6763000000033286e-08	0.6721466241285671	-0.21349966972184728	0.7089688333779087	0.001	0	0
4.68640000000334e-08	0.6731100748991315	-0.2256730456427857	0.7042687722308827	0.001	0	0
4.6965000000033515e-08	0.6740712462704936	-0.23774714290336754	0.6993598866053368	0.001	0	0
4.706600000003363e-08	0.6750301403920825	-0.2497183850081214	0.6942442205385515	0.001	0	0
4.7167000000033744e-08	0.6759867594312865	-0.2615832368472221	0.6889238791580083	0.001	0	0
4.726800000003386e-08	0.6769411055733277	-0.27333820573552126	0.683401027852934	0.001	0	0
4.736900000003397e-08	0.677893181021135	-0.28497984243513425	0.6776778914282896	0.001	0	0
4.747000000003409e-08	0.6788429879952209	-0.29650474216127354	0.6717567532415264	0.001	0	0
4.75710000000342e-08	0.6797905287335506	-0.3079095455710538	0.6656399543224452	0.001	0	0
4.7672000000034316e-08	0.6807358054914207	-0.3191909397349833	0.6593298924764789	0.001	0	0
4.777300000003443e-08	0.6816788205413332	-0.3303456590908631	0.6528290213717527	0.001	0	0
4.7874000000034545e-08	0.6826195761728644	-0.3413704863798384	0.6461398496102617	0.001	0	0
4.797500000003466e-08	0.6835580746925499	-0.3522622535643221	0.6392649397834983	0.001	0	0
4.8076000000034775e-08	0.6844943184237517	-0.3630178427275589	0.6322069075129068	0.001	0	0
4.817700000003489e-08	0.6854283097065368	-0.3736341869545584	0.6249684204755037	0.001	0	0
4.8278000000035004e-08	0.6863600508975487	-0.38410827119417945	0.6175521974150308	0.001	0	0
4.837900000003512e-08	0.6872895443698921	-0.3944371331021157	0.6099610071389892	0.001	0	0
4.848000000003523e-08	0.6882167925129973	-0.4046178638645627	0.6021976675019594	0.001	0	0
4.858100000003535e-08	0.6891417977325057	-0.41464760900234404	0.5942650443755289	0.001	0	0
4.868200000003546e-08	0.6900645624501401	-0.42452356915528977	0.5861660506052451	0.001	0	0
4.8783000000035576e-08	0.6909850891035849	-0.4342430008466535	0.5779036449549388	0.001	0	0
4.888400000003569e-08	0.6919033801463614	-0.44380321722737265	0.5694808310388271	0.001	0	0
4.8985000000035805e-08	0.6928194380477056	-0.453201588799989	0.5609006562417512	0.001	0	0
4.908600000003592e-08	0.6937332652924441	-0.4624355441220296	0.552166210627965	0.001	0	0
4.9187000000036034e-08	0.6946448643808726	-0.47150257048869126	0.5432806258388346	0.001	0	0
4.928800000003615e-08	0.695554237828635	-0.48040021459464094	0.5342470739798673	0.001	0	0
4.9389000000036263e-08	0.6964613881665981	-0.4891260831747856	0.5250687664974445	0.001	0	0
4.949000000003638e-08	0.6973663179407337	-0.49767784362384676	0.515748953045667	0.001	0	0
4.959100000003649e-08	0.6982690297119937	-0.5060532245946007	0.5062909203437068	0.001	0	0
4.969200000003661e-08	0.6991695260561921	-0.514250016574637	0.4966979910240681	0.001	0	0
4.979300000003672e-08	0.7000678095638795	-0.5222660724415172	0.4869735224721606	0.001	0	0
4.9894000000036836e-08	0.700963882840229	-0.5300993079961894	0.4771209056575814	0.001	0	0
4.999500000003695e-08	0.7018577485049082	-0.537747702474568	0.46714356395753165	0.001	0	0
5.0096000000037065e-08	0.7027494091919677	-0.5452092990371353	0.45704495197275297	0.001	0	0
5.019700000003718e-08	0.7036388675497119	-0.5524822052365086	0.4468285543364069	0.001	0	0
5.0298000000037294e-08	0.7045261262405882	-0.5595645934628325	0.43649788451630084	0.001	0	0
5.039900000003741e-08	0.7054111879410585	-0.566454701366948	0.4260564836108782	0.001	0	0
5.050000000003752e-08	0.7062940553414901	-0.5731508322612278	0.4155079191393759	0.001	0	0
5.060100000003764e-08	0.7071747311460285	-0.5796513554980395	0.40485578382657206	0.001	0	0
5.070200000003775e-08	0.7080532180724847	-0.5859547068257442	0.3941036943825249	0.001	0	0
5.080300000003787e-08	0.7089295188522132	-0.5920593887221945	0.3832552902777348	0.001	0	0
5.090400000003798e-08	0.7098036362299972	-0.597963970705672	0.3723142325141229	0.001	0	0
5.1005000000038096e-08	0.7106755729639272	-0.6036670896232311	0.3612842023922602	0.001	0	0
5.110600000003821e-08	0.711545331825289	-0.6091674499164129	0.3501689002752441	0.001	0	0
5.1207000000038325e-08	0.712412915598441	-0.614463823864307	0.33897204434965184	0.001	0	0
5.130800000003844e-08	0.7132783270807028	-0.6195550518039338	0.32769736938397726	0.001	0	0
5.1409000000038554e-08	0.7141415690822337	-0.6244400423279561	0.3163486254849633	0.001	0	0
5.151000000003867e-08	0.7150026444259218	-0.6291177724596918	0.3049295768522539	0.001	0	0
5.161100000003878e-08	0.7158615559472644	-0.6335872878054596	0.2934440005317599	0.001	0	0
5.17120000000389e-08	0.716718306494253	-0.6378477026842498	0.2818956851681749	0.001	0	0
5.181300000003901e-08	0.7175728989272621	-0.6418982002347451	0.2702884297570293	0.001	0	0
5.1914000000039126e-08	0.718425336118929	-0.6457380324997284	0.2586260423967081	0.001	0	0
5.201500000003924e-08	0.7192756209540425	-0.6493665204878991	0.2469123390408333	0.001	0	0
5.2116000000039356e-08	0.7201237563294274	-0.6527830542131481	0.23515114225142453	0.001	0	0
5.221700000003947e-08	0.7209697451538326	-0.6559870927113335	0.22334627995323783	0.001	0	0
5.2318000000039585e-08	0.7218135903478139	-0.6589781640346273	0.2115015841896937	0.001	0	0
5.24190000000397e-08	0.7226552948436258	-0.6617558652234778	0.19962088988079035	0.001	0	0
5.2520000000039814e-08	0.7234948615851042	-0.6643198622562777	0.18770803358341104	0.001	0	0
5.262100000003993e-08	0.7243322935275578	-0.6666698899768025	0.17576685225441732	0.001	0	0
5.272200000004004e-08	0.7251675936376519	-0.6688057519995122	0.1638011820169323	0.001	0	0
5.282300000004016e-08	0.7260007648933012	-0.6707273205928052	0.1518148569302032	0.001	0	0
5.292400000004027e-08	0.7268318102835543	-0.6724345365403256	0.1398117077634384	0.001	0	0
5.3025000000040386e-08	0.727660732808483	-0.6739274089804318	0.1277955607740094	0.001	0	0
5.31260000000405e-08	0.7284875354790752	-0.6752060152239309	0.11577023649040419	0.001	0	0
5.3227000000040615e-08	0.7293122213171188	-0.6762705005502164	0.10373954850031811	0.001	0	0
5.332800000004073e-08	0.7301347933550982	-0.6771210779819129	0.09170730224426181	0.001	0	0
5.3429000000040844e-08	0.7309552546360774	-0.6777580280381886	0.07967729381507083	0.001	0	0
5.353000000004096e-08	0.7317736082135977	-0.6781816984668472	0.06765330876368529	0.001	0	0
5.3631000000041073e-08	0.7325898571515634	-0.6783925039553714	0.05563912091157967	0.001	0	0
5.373200000004119e-08	0.7334040045241346	-0.6783909258210571	0.04363849117020749	0.001	0	0
5.38330000000413e-08	0.7342160534156216	-0.6781775116803963	0.03165516636783038	0.001	0	0
5.393400000004142e-08	0.7350260069203715	-0.6777528750978923	0.01969287808409247	0.001	0	0
5.403500000004153e-08	0.735833868142668	-0.6771176952144511	0.007755341492699436	0.001	0	0
5.4136000000041646e-08	0.7366396401966152	-0.6762727163555652	-0.004153745787441755	0.001	0	0
5.423700000004176e-08	0.7374433262060403	-0.6752187476194308	-0.016030704832271103	0.001	0	0
5.4338000000041875e-08	0.7382449293043781	-0.6739566624452343	-0.027871876543464322	0.001	0	0
5.443900000004199e-08	0.7390444526345716	-0.6724873981617682	-0.03967362276981834	0.001	0	0
5.4540000000042104e-08	0.7398418993489643	-0.6708119555165984	-0.05143232741879372	0.001	0	0
5.464100000004222e-08	0.7406372726091912	-0.6689313981859957	-0.06314439755787964	0.001	0	0
5.474200000004233e-08	0.7414305755860818	-0.66684685226582	-0.07480626450544935	0.001	0	0
5.484300000004245e-08	0.7422218114595466	-0.6645595057436171	-0.08641438491078095	0.001	0	0
5.494400000004256e-08	0.7430109834184788	-0.662070607952114	-0.09796524182292024	0.001	0	0
5.504500000004268e-08	0.7437980946606493	-0.6593814690043681	-0.1094553457480687	0.001	0	0
5.514600000004279e-08	0.7445831483925993	-0.6564934592108055	-0.12088123569518568	0.001	0	0
5.5247000000042906e-08	0.7453661478295434	-0.6534080084783705	-0.13223948020949375	0.001	0	0
5.534800000004302e-08	0.7461470961952624	-0.6501266056920616	-0.1435266783935876	0.001	0	0
5.5449000000043135e-08	0.7469259967220031	-0.6466507980790838	-0.15473946091584523	0.001	0	0
5.555000000004325e-08	0.7477028526503761	-0.6429821905558813	-0.16587449100585214	0.001	0	0
5.5651000000043364e-08	0.7484776672292505	-0.6391224450583217	-0.176928465436549	0.001	0	0
5.575200000004348e-08	0.7492504437156604	-0.6350732798552732	-0.18789811549281696	0.001	0	0
5.585300000004359e-08	0.7500211853746983	-0.6308364688458777	-0.19878020792623283	0.001	0	0
5.595400000004371e-08	0.7507898954794147	-0.6264138408407753	-0.20957154589570995	0.001	0	0
5.605500000004382e-08	0.7515565773107205	-0.621807278827559	-0.22026896989376743	0.001	0	0
5.6156000000043937e-08	0.7523212341572868	-0.6170187192207583	-0.23086935865816446	0.001	0	0
5.625700000004405e-08	0.7530838693154437	-0.6120501510966293	-0.24136963006864234	0.001	0	0
5.6358000000044166e-08	0.7538444860890835	-0.6069036154130463	-0.25176674202852656	0.001	0	0
5.645900000004428e-08	0.7546030877895641	-0.6015812042147914	-0.26205769333094775	0.001	0	0
5.6560000000044395e-08	0.7553596777356044	-0.5960850598245545	-0.272239524509431	0.001	0	0
5.666100000004451e-08	0.7561142592531949	-0.5904173740199221	-0.28230931867264303	0.001	0	0
5.6762000000044624e-08	0.7568668356754937	-0.584580387196695	-0.292264202323048	0.001	0	0
5.686300000004474e-08	0.7576174103427342	-0.5785763875188211	-0.30210134615926504	0.001	0	0
5.696400000004485e-08	0.7583659866021244	-0.5724077100552768	-0.3118179658619125	0.001	0	0
5.706500000004497e-08	0.7591125678077557	-0.5660767359041966	-0.32141132286272334	0.001	0	0
5.716600000004508e-08	0.7598571573205036	-0.559585891304599	-0.33087872509673544	0.001	0	0
5.7267000000045196e-08	0.7605997585079334	-0.5529376467360058	-0.3402175277373605	0.001	0	0
5.736800000004531e-08	0.7613403747442056	-0.5461345160063029	-0.34942513391413926	0.001	0	0
5.7469000000045425e-08	0.7620790094099822	-0.5391790553281649	-0.35849899541299685	0.001	0	0
5.757000000004554e-08	0.7628156658923309	-0.5320738623843808	-0.36743661335883093	0.001	0	0
5.7671000000045654e-08	0.763550347584633	-0.5248215753824091	-0.3762355388802505	0.001	0	0
5.777200000004577e-08	0.7642830578864883	-0.5174248720985172	-0.38489337375630633	0.001	0	0
5.7873000000045884e-08	0.7650138002036246	-0.5098864689118261	-0.39340777104505426	0.001	0	0
5.7974000000046e-08	0.7657425779478058	-0.5022091198286186	-0.40177643569379834	0.001	0	0
5.807500000004611e-08	0.766469394536736	-0.4943956154972576	-0.4099971251308686	0.001	0	0
5.817600000004623e-08	0.7671942533939694	-0.48644878221405097	-0.41806764983879907	0.001	0	0
5.827700000004634e-08	0.7679171579488221	-0.47837148092041626	-0.4259858739087621	0.001	0	0
5.8378000000046456e-08	0.7686381116362792	-0.47016660619170525	-0.43374971557614783	0.001	0	0
5.847900000004657e-08	0.7693571178969013	-0.46183708521803496	-0.4413571477371621	0.001	0	0
5.8580000000046685e-08	0.7700741801767406	-0.45338587677747527	-0.4488061984463238	0.001	0	0
5.86810000000468e-08	0.7707893019272468	-0.44481597020195823	-0.4560949513947704	0.001	0	0
5.8782000000046914e-08	0.7715024866051791	-0.4361303843362623	-0.4632215463692612	0.001	0	0
5.888300000004703e-08	0.7722137376725187	-0.4273321664904269	-0.4701841796917852	0.001	0	0
5.898400000004714e-08	0.7729230585963779	-0.4184243913859657	-0.4769811046396956	0.001	0	0
5.908500000004726e-08	0.7736304528489153	-0.409410160096228	-0.48361063184628506	0.001	0	0
5.918600000004737e-08	0.7743359239072463	-0.4002925989812795	-0.4900711296817268	0.001	0	0
5.928700000004749e-08	0.7750394752533559	-0.3910748586176594	-0.496361024614323	0.001	0	0
5.93880000000476e-08	0.7757411103740123	-0.3817601127233775	-0.5024788015519943	0.001	0	0
5.9489000000047716e-08	0.7764408327606805	-0.37235155707851453	-0.5084230041639607	0.001	0	0
5.959000000004783e-08	0.7771386459094387	-0.3628524084417883	-0.5141922351825605	0.001	0	0
5.969100000004794e-08	0.7778345533208892	-0.3532659034634529	-0.5197851566851858	0.001	0	0
5.979200000004805e-08	0.7785285585000744	-0.34359529759489177	-0.5252004903562774	0.001	0	0
5.989300000004817e-08	0.7792206649563946	-0.33384386399526433	-0.5304370177293678	0.001	0	0
5.999400000004828e-08	0.7799108762035195	-0.3240148924355814	-0.535493580409156	0.001	0	0
6.00950000000484e-08	0.7805991957593101	-0.31411168820055907	-0.5403690802735783	0.001	0	0
6.019600000004851e-08	0.781285627145729	-0.30413757098862604	-0.5450624796559047	0.001	0	0
6.029700000004863e-08	0.7819701738887622	-0.2940958738104392	-0.549572801506819	0.001	0	0
6.039800000004874e-08	0.782652839518334	-0.2839899418862688	-0.5538991295365274	0.001	0	0
6.049900000004885e-08	0.7833336275682258	-0.27382313154262267	-0.5580406083368809	0.001	0	0
6.060000000004897e-08	0.7840125415759935	-0.26359880910845995	-0.5619964434835444	0.001	0	0
6.070100000004908e-08	0.7846895850828887	-0.2533203498113576	-0.565765901618236	0.001	0	0
6.08020000000492e-08	0.7853647616337738	-0.24299113667399194	-0.5693483105110678	0.001	0	0
6.090300000004931e-08	0.7860380747770437	-0.23261455941128545	-0.5727430591030259	0.001	0	0
6.100400000004943e-08	0.7867095280645474	-0.2221940133285764	-0.5759495975286356	0.001	0	0
6.110500000004954e-08	0.787379125051505	-0.21173289822117028	-0.5789674371188677	0.001	0	0
6.120600000004966e-08	0.7880468692964309	-0.20123461727561878	-0.5817961503843331	0.001	0	0
6.130700000004977e-08	0.7887127643610516	-0.1907025759730832	-0.5844353709788436	0.001	0	0
6.140800000004989e-08	0.7893768138102337	-0.18014018099512602	-0.5868847936433919	0.001	0	0
6.150900000005e-08	0.7900390212118981	-0.16955083913228344	-0.5891441741306492	0.001	0	0
6.161000000005011e-08	0.7906993901369477	-0.15893795619576442	-0.5912133291100368	0.001	0	0
6.171100000005023e-08	0.7913579241591876	-0.14830493593261165	-0.5930921360534849	0.001	0	0
6.181200000005034e-08	0.7920146268552498	-0.13765517894467452	-0.5947805331019578	0.001	0	0
6.191300000005046e-08	0.7926695018045178	-0.12699208161173034	-0.5962785189128461	0.001	0	0
6.201400000005057e-08	0.7933225525890463	-0.11631903501908886	-0.5975861524883489	0.001	0	0
6.211500000005069e-08	0.7939737827934897	-0.105639423890014	-0.5987035529849329	0.001	0	0
6.22160000000508e-08	0.794623196005026	-0.09495662552329673	-0.5996308995040088	0.001	0	0
6.231700000005092e-08	0.7952707958132809	-0.08427400873630514	-0.6003684308639358	0.001	0	0
6.241800000005103e-08	0.7959165858102556	-0.07359493281384014	-0.6009164453534889	0.001	0	0
6.251900000005115e-08	0.7965605695902498	-0.06292274646311614	-0.6012753004669288	0.001	0	0
6.262000000005126e-08	0.7972027507497911	-0.05226078677519001	-0.6014454126208001	0.001	0	0
6.272100000005137e-08	0.7978431328875606	-0.04161237819315526	-0.6014272568526238	0.001	0	0
6.282200000005149e-08	0.7984817196043199	-0.030980831487411747	-0.6012213665016213	0.001	0	0
6.29230000000516e-08	0.79911851450284	-0.020369442738325232	-0.6008283328716321	0.001	0	0
6.302400000005172e-08	0.7997535211878266	-0.00978149232658166	-0.6002488048763924	0.001	0	0
6.312500000005183e-08	0.8003867432658527	0.0007797560684597203	-0.5994834886673325	0.001	0	0
6.322600000005195e-08	0.8010181843452858	0.011311056462113936	-0.5985331472440709	0.001	0	0
6.332700000005206e-08	0.8016478480362147	0.021809181549122838	-0.5973986000477935	0.001	0	0
6.342800000005218e-08	0.8022757379503823	0.03227092367951933	-0.596080722537678	0.001	0	0
6.352900000005229e-08	0.8029018577011159	0.042693095825314754	-0.594580445750571	0.001	0	0
6.36300000000524e-08	0.8035262109032557	0.053072532537724086	-0.5928987558441063	0.001	0	0
6.373100000005252e-08	0.8041488011730881	0.06340609089464794	-0.5910366936234541	0.001	0	0
6.383200000005263e-08	0.8047696321282742	0.0736906514381352	-0.5889953540519192	0.001	0	0
6.393300000005275e-08	0.8053887073877826	0.08392311910155185	-0.5867758857455747	0.001	0	0
6.403400000005286e-08	0.8060060305718235	0.0941004241261886	-0.5843794904521583	0.001	0	0
6.413500000005298e-08	0.80662160530178	0.10421952296704244	-0.5818074225144447	0.001	0	0
6.423600000005309e-08	0.8072354352001399	0.11427739918751242	-0.5790609883183107	0.001	0	0
6.43370000000532e-08	0.8078475238904306	0.12427106434275316	-0.5761415457257181	0.001	0	0
6.443800000005332e-08	0.8084578749971515	0.13419755885143575	-0.5730505034928471	0.001	0	0
6.453900000005344e-08	0.8090664921457098	0.14405395285566952	-0.5697893206736089	0.001	0	0
6.464000000005355e-08	0.809673378962354	0.15383734706884164	-0.5663595060087764	0.001	0	0
6.474100000005366e-08	0.8102785390741085	0.16354487361113834	-0.5627626173009765	0.001	0	0
6.484200000005378e-08	0.8108819761087105	0.17317369683251607	-0.5590002607757824	0.001	0	0
6.49430000000539e-08	0.8114836936945445	0.18272101412289182	-0.5550740904291611	0.001	0	0
6.504400000005401e-08	0.8120836954605781	0.1921840567093317	-0.5509858073615287	0.001	0	0
6.514500000005412e-08	0.8126819850362988	0.20156009044002335	-0.5467371590986575	0.001	0	0
6.524600000005424e-08	0.8132785660516533	0.21084641655480843	-0.5423299388997099	0.001	0	0
6.534700000005435e-08	0.8138734421369809	0.22004037244208194	-0.5377659850526549	0.001	0	0
6.544800000005447e-08	0.8144666169229545	0.22913933238184378	-0.5330471801573294	0.001	0	0
6.554900000005458e-08	0.8150580940405159	0.23814070827471054	-0.5281754503964196	0.001	0	0
6.56500000000547e-08	0.815647877120817	0.2470419503566923	-0.5231527647946307	0.001	0	0
6.575100000005481e-08	0.816235969795157	0.25584054789955096	-0.5179811344663212	0.001	0	0
6.585200000005492e-08	0.8168223756949219	0.26453402989655195	-0.5126626118518828	0.001	0	0
6.595300000005504e-08	0.8174070984515249	0.2731199657334374	-0.5071992899431399	0.001	0	0
6.605400000005515e-08	0.8179901416963462	0.2815959658444529	-0.5015933014980575	0.001	0	0
6.615500000005527e-08	0.8185715090606731	0.2899596823532494	-0.4958468182450454	0.001	0	0
6.625600000005538e-08	0.8191512041756399	0.2982088096985125	-0.48996205007714183	0.001	0	0
6.63570000000555e-08	0.8197292306721714	0.3063410852441573	-0.48394124423636603	0.001	0	0
6.645800000005561e-08	0.8203055921809225	0.3143542898739418	-0.47778668448854456	0.001	0	0
6.655900000005573e-08	0.8208802923322222	0.32224624857035333	-0.47150069028889	0.001	0	0
6.666000000005584e-08	0.8214533347560131	0.3300148309776319	-0.46508561593864667	0.001	0	0
6.676100000005596e-08	0.8220247230817974	0.33765795194879183	-0.4585438497330889	0.001	0	0
6.686200000005607e-08	0.8225944609385781	0.3451735720765223	-0.45187781310117914	0.001	0	0
6.696300000005618e-08	0.823162551954802	0.3525596982078417	-0.44508995973719023	0.001	0	0
6.70640000000563e-08	0.8237289997583056	0.35981438394238435	-0.43818277472459355	0.001	0	0
6.716500000005641e-08	0.8242938079762571	0.3669357301142216	-0.43115877365251976	0.001	0	0
6.726600000005653e-08	0.8248569802351021	0.3739218852570976	-0.42402050172510086	0.001	0	0
6.736700000005664e-08	0.8254185201605102	0.3807710460529931	-0.416770532864	0.001	0	0
6.746800000005676e-08	0.8259784313773183	0.3874814577639184	-0.4094114688044456	0.001	0	0
6.756900000005687e-08	0.8265367175094761	0.3940514146468496	-0.4019459381850711	0.001	0	0
6.767000000005699e-08	0.8270933821799938	0.4004792603517258	-0.39437659563188254	0.001	0	0
6.77710000000571e-08	0.8276484290108886	0.4067633883024284	-0.3867061208366583	0.001	0	0
6.787200000005721e-08	0.8282018616231304	0.4129022420606791	-0.3789372176301053	0.001	0	0
6.797300000005733e-08	0.828753683636589	0.4188943156727883	-0.37107261305007583	0.001	0	0
6.807400000005744e-08	0.8293038986699838	0.4247381539991887	-0.3631150564051659	0.001	0	0
6.817500000005756e-08	0.8298525103408289	0.43043235302671645	-0.3550673183340153	0.001	0	0
6.827600000005767e-08	0.8303995222653836	0.43597556016357547	-0.34693218986061153	0.001	0	0
6.837700000005779e-08	0.8309449380586005	0.441366474516958	-0.33871248144593114	0.001	0	0
6.84780000000579e-08	0.831488761334074	0.4466038471532752	-0.33041102203622297	0.001	0	0
6.857900000005802e-08	0.8320309957039915	0.4516864813409721	-0.3220306581082558	0.001	0	0
6.868000000005813e-08	0.8325716447790812	0.45661323277590615	-0.31357425271184475	0.001	0	0
6.878100000005825e-08	0.8331107121685632	0.4613830097892636	-0.30504468450997385	0.001	0	0
6.888200000005836e-08	0.8336482014801002	0.4659947735380063	-0.2964448468168346	0.001	0	0
6.898300000005847e-08	0.8341841163197478	0.47044753817783896	-0.2877776466340848	0.001	0	0
6.908400000005859e-08	0.8347184602919071	0.4747403710186955	-0.27904600368566335	0.001	0	0
6.91850000000587e-08	0.835251236999275	0.47887239266275455	-0.27025284945145317	0.001	0	0
6.928600000005882e-08	0.8357824500427955	0.48284277712498447	-0.2614011262001268	0.001	0	0
6.938700000005893e-08	0.8363121030216146	0.4866507519362391	-0.25249378602147277	0.001	0	0
6.948800000005905e-08	0.8368401995330312	0.4902955982289247	-0.24353378985852736	0.001	0	0
6.958900000005916e-08	0.8373667431724504	0.4937766508052655	-0.23452410653981534	0.001	0	0
6.969000000005928e-08	0.8378917375333367	0.4970932981881969	-0.22546771181201614	0.001	0	0
6.979100000005939e-08	0.838415186207168	0.5002449826549292	-0.21636758737336173	0.001	0	0
6.98920000000595e-08	0.83893709278339	0.5032312002532172	-0.2072267199080753	0.001	0	0
6.999300000005962e-08	0.8394574608493712	0.5060515008003914	-0.19804810012216223	0.001	0	0
7.009400000005973e-08	0.8399762939903553	0.5087054878652056	-0.18883472178085145	0.001	0	0
7.019500000005985e-08	0.8404935957894188	0.5111928187325516	-0.1795895807479974	0.001	0	0
7.029600000005996e-08	0.8410093698274259	0.5135132043511161	-0.17031567402774425	0.001	0	0
7.039700000006008e-08	0.841523619682983	0.5156664092640417	-0.1610159988087518	0.001	0	0
7.049800000006019e-08	0.8420363489323974	0.517652251522672	-0.15169355151128233	0.001	0	0
7.059900000006031e-08	0.8425475611496311	0.5194706025834639	-0.1423513268374472	0.001	0	0
7.070000000006042e-08	0.8430572599062595	0.5211213871881416	-0.1329923168249087	0.001	0	0
7.080100000006054e-08	0.8435654487714284	0.5226045832271974	-0.12361950990432723	0.001	0	0
7.090200000006065e-08	0.8440721313118104	0.5239202215868278	-0.11423588996084913	0.001	0	0
7.100300000006077e-08	0.8445773110915634	0.5250683859794042	-0.10484443539992075	0.001	0	0
7.110400000006088e-08	0.8450809916722897	0.5260492127575863	-0.09544811821771676	0.001	0	0
7.1205000000061e-08	0.8455831766129935	0.5268628907121944	-0.08604990307646719	0.001	0	0
7.130600000006111e-08	0.8460838694700397	0.5275096608539483	-0.07665274638496337	0.001	0	0
7.140700000006122e-08	0.8465830737971144	0.5279898161791946	-0.0672595953845237	0.001	0	0
7.150800000006134e-08	0.8470807931451825	0.5283037014197587	-0.05787338724069385	0.001	0	0
7.160900000006145e-08	0.8475770310624492	0.5284517127770312	-0.04849704814095604	0.001	0	0
7.171000000006157e-08	0.848071791094319	0.5284342976404478	-0.03913349239871818	0.001	0	0
7.181100000006168e-08	0.8485650767833577	0.5282519542904781	-0.029785621563850298	0.001	0	0
7.19120000000618e-08	0.8490568916692521	0.5279052315862888	-0.020456323540034124	0.001	0	0
7.201300000006191e-08	0.8495472392887717	0.5273947286382148	-0.011148471709186552	0.001	0	0
7.211400000006203e-08	0.8500361231757282	0.5267210944651987	-0.0018649240632166554	0.001	0	0
7.221500000006214e-08	0.8505235468609423	0.5258850276373476	0.007391477656628686	0.001	0	0
7.231600000006225e-08	0.8510095138721994	0.5248872759037885	0.01661790881257783	0.001	0	0
7.241700000006237e-08	0.851494027734218	0.5237286358059537	0.02581156271505737	0.001	0	0
7.251800000006248e-08	0.8519770919686075	0.5224099522765102	0.034969651459079806	0.001	0	0
7.26190000000626e-08	0.8524587100938356	0.5209321182240603	0.04408940675205318	0.001	0	0
7.272000000006271e-08	0.8529388856251883	0.5192960741038347	0.053168080732774646	0.001	0	0
7.282100000006283e-08	0.8534176220747356	0.5175028074745269	0.06220294678137287	0.001	0	0
7.292200000006294e-08	0.8538949229512958	0.5155533525414735	0.07119130031996883	0.001	0	0
7.302300000006306e-08	0.8543707917603972	0.5134487896863636	0.08013045960382567	0.001	0	0
7.312400000006317e-08	0.8548452320042476	0.5111902449836689	0.08901776650276595	0.001	0	0
7.322500000006328e-08	0.855318247181693	0.5087788897040016	0.09785058727263544	0.001	0	0
7.33260000000634e-08	0.8557898407881881	0.5062159398045841	0.10662631331659776	0.001	0	0
7.342700000006351e-08	0.8562600163157597	0.5035026554070483	0.11534236193604683	0.001	0	0
7.352800000006363e-08	0.8567287772529734	0.5006403402627668	0.12399617707093323	0.001	0	0
7.362900000006374e-08	0.8571961270848993	0.4976303412059283	0.13258523002929345	0.001	0	0
7.373000000006386e-08	0.8576620692930781	0.4944740475945709	0.14110702020579144	0.001	0	0
7.383100000006397e-08	0.8581266073554874	0.4911728907397892	0.14955907578906816	0.001	0	0
7.393200000006409e-08	0.8585897447465125	0.48772834332333276	0.15793895445771436	0.001	0	0
7.40330000000642e-08	0.859051484936909	0.4841419188038317	0.16624424406467614	0.001	0	0
7.413400000006432e-08	0.8595118313937733	0.4804151708118616	0.17447256330991268	0.001	0	0
7.423500000006443e-08	0.8599707875805103	0.4765496925340825	0.18262156240112548	0.001	0	0
7.433600000006454e-08	0.8604283569568009	0.47254711608668715	0.1906889237023879	0.001	0	0
7.443700000006466e-08	0.8608845429785711	0.4684091118783874	0.19867236237050453	0.001	0	0
7.453800000006477e-08	0.8613393490979615	0.4641373879631806	0.2065696269789348	0.001	0	0
7.463900000006489e-08	0.8617927787632954	0.4597336893831322	0.21437850012912074	0.001	0	0
7.4740000000065e-08	0.862244835419049	0.45519979750142303	0.22209679904906457	0.001	0	0
7.484100000006512e-08	0.8626955225058207	0.45053752932589386	0.2297223761790051	0.001	0	0
7.494200000006523e-08	0.8631448434603018	0.44574873682334837	0.23725311974404123	0.001	0	0
7.504300000006535e-08	0.8635928017152458	0.44083530622485506	0.24468695431356943	0.001	0	0
7.514400000006546e-08	0.8640394006994404	0.43579915732229635	0.2520218413473885	0.001	0	0
7.524500000006558e-08	0.8644846438376772	0.4306422427564318	0.25925577972834984	0.001	0	0
7.534600000006569e-08	0.864928534550724	0.42536654729671064	0.2663868062814153	0.001	0	0
7.54470000000658e-08	0.8653710762552954	0.41997408711310824	0.27341299627900484	0.001	0	0
7.554800000006592e-08	0.8658122723640251	0.41446690904023453	0.280332463932519	0.001	0	0
7.564900000006603e-08	0.8662521262854378	0.40884708983397955	0.28714336286991576	0.001	0	0
7.575000000006615e-08	0.8666906414239204	0.40311673542095533	0.29384388659923666	0.001	0	0
7.585100000006626e-08	0.8671278211796971	0.3972779801409955	0.30043226895798386	0.001	0	0
7.595200000006638e-08	0.8675636689487993	0.391332985982985	0.30690678454823866	0.001	0	0
7.605300000006649e-08	0.8679981881230425	0.38528394181427345	0.31326574915743843	0.001	0	0
7.61540000000666e-08	0.8684313820899949	0.3791330626039545	0.319507520164717	0.001	0	0
7.625500000006672e-08	0.8688632542329561	0.3728825886402626	0.32563049693272617	0.001	0	0
7.635600000006684e-08	0.8692938079309265	0.3665347847423711	0.33163312118486166	0.001	0	0
7.645700000006695e-08	0.8697230465585856	0.3600919394668499	0.3375138773678126	0.001	0	0
7.655800000006706e-08	0.870150973486263	0.35355636430906634	0.3432712929993761	0.001	0	0
7.665900000006718e-08	0.8705775920799163	0.3469303928997831	0.3489039390014639	0.001	0	0
7.676000000006729e-08	0.8710029057011032	0.340216380197247	0.3544104300182455	0.001	0	0
7.686100000006741e-08	0.8714269177069591	0.33341670167502135	0.35978942471937464	0.001	0	0
7.696200000006752e-08	0.8718496314501718	0.32653375250584876	0.3650396260882489	0.001	0	0
7.706300000006764e-08	0.872271050278957	0.3195699467418147	0.37015978169525504	0.001	0	0
7.716400000006775e-08	0.8726911775370342	0.31252771649108074	0.37514868395596884	0.001	0	0
7.726500000006787e-08	0.8731100165636043	0.3054095110914661	0.38000517037426534	0.001	0	0
7.736600000006798e-08	0.8735275706933249	0.2982177962811542	0.3847281237703195	0.001	0	0
7.74670000000681e-08	0.8739438432562884	0.2909550533667923	0.3893164724934653	0.001	0	0
7.756800000006821e-08	0.8743588375779971	0.28362377838926445	0.3937691906198998	0.001	0	0
7.766900000006832e-08	0.8747725569793433	0.27622648128740646	0.39808529813521093	0.001	0	0
7.777000000006844e-08	0.8751850047765848	0.2687656850599404	0.40226386110172774	0.001	0	0
7.787100000006855e-08	0.8755961842813234	0.26124392492590287	0.4063039918106836	0.001	0	0
7.797200000006867e-08	0.8760060988004824	0.2536637474838332	0.41020484891919284	0.001	0	0
7.807300000006878e-08	0.8764147516362866	0.24602770987000805	0.41396563757204	0.001	0	0
7.81740000000689e-08	0.8768221460862398	0.2383383789159747	0.41758560950830925	0.001	0	0
7.827500000006901e-08	0.877228285443104	0.23059833030567653	0.4210640631528487	0.001	0	0
7.837600000006913e-08	0.8776331729948778	0.22281014773242233	0.42440034369260266	0.001	0	0
7.847700000006924e-08	0.8780368120247757	0.2149764220559803	0.4275938431378283	0.001	0	0
7.857800000006935e-08	0.8784392058112096	0.2070997504600611	0.43064400036823003	0.001	0	0
7.867900000006947e-08	0.8788403576277656	0.19918273561046063	0.43355030116404536	0.001	0	0
7.878000000006958e-08	0.8792402707431873	0.19122798481412476	0.43631227822211843	0.001	0	0
7.88810000000697e-08	0.8796389484213546	0.18323810917940753	0.43892951115700696	0.001	0	0
7.898200000006981e-08	0.8800363939212625	0.17521572277778255	0.4414016264871708	0.001	0	0
7.908300000006993e-08	0.8804326104970052	0.16716344180727064	0.4437282976062897	0.001	0	0
7.918400000007004e-08	0.8808276013977543	0.15908388375784852	0.4459092447397767	0.001	0	0
7.928500000007016e-08	0.8812213698677418	0.1509796665790952	0.4479442348865379	0.001	0	0
7.938600000007027e-08	0.8816139191462417	0.14285340785033687	0.44983308174605086	0.001	0	0
7.948700000007039e-08	0.8820052524675499	0.1347077239535457	0.451575645630839	0.001	0	0
7.95880000000705e-08	0.8823953730609679	0.12654522924924821	0.45317183336439915	0.001	0	0
7.968900000007061e-08	0.882784284150784	0.11836853525569585	0.4546215981646812	0.001	0	0
7.979000000007073e-08	0.8831719889562566	0.11018024983155002	0.45592493951319124	0.001	0	0
7.989100000007084e-08	0.8835584906915958	0.10198297636233059	0.45708190300981066	0.001	0	0
7.999200000007096e-08	0.8839437925659475	0.09377931295087485	0.458092580213423	0.001	0	0
8.009300000007107e-08	0.8843278977833733	0.08557185161205426	0.45895710846845394	0.001	0	0
8.019400000007119e-08	0.8847108095428395	0.07736317747198723	0.45967567071739984	0.001	0	0
8.02950000000713e-08	0.8850925310381955	0.06915586797199612	0.46024849529948597	0.001	0	0
8.039600000007142e-08	0.8854730654581585	0.06095249207754015	0.46067585573553665	0.001	0	0
8.049700000007153e-08	0.885852415986301	0.0527556094923634	0.46095807049917537	0.001	0	0
8.059800000007165e-08	0.8862305858010301	0.04456776987809299	0.4610955027744866	0.001	0	0
8.069900000007176e-08	0.8866075780755741	0.036391512079516054	0.46108856020024097	0.001	0	0
8.080000000007187e-08	0.8869833959779684	0.02822936335576523	0.4609376946008201	0.001	0	0
8.090100000007199e-08	0.8873580426710372	0.020083838617639047	0.46064340170397167	0.001	0	0
8.10020000000721e-08	0.887731521312382	0.011957439671279428	0.4602062208455159	0.001	0	0
8.110300000007222e-08	0.8881038350543642	0.0038526544684279775	0.4596267346611567	0.001	0	0
8.120400000007233e-08	0.8884749870440922	-0.004228043636522018	0.4589055687655228	0.001	0	0
8.130500000007245e-08	0.8888449804234049	-0.012282196622463066	0.45804339141859046	0.001	0	0
8.140600000007256e-08	0.8892138183288608	-0.020307362530288385	0.4570409131796315	0.001	0	0
8.150700000007268e-08	0.8895815038917207	-0.02830111618417551	0.45589888654884225	0.001	0	0
8.160800000007279e-08	0.8899480402379373	-0.03626104990523303	0.4546181055968022	0.001	0	0
8.17090000000729e-08	0.8903134304881379	-0.04418477421730799	0.4531994055819237	0.001	0	0
8.181000000007302e-08	0.8906776777576147	-0.05206991854475379	0.4516436625560522	0.001	0	0
8.191100000007313e-08	0.89104078515631	-0.05991413190196305	0.4499517929583802	0.001	0	0
8.201200000007325e-08	0.8914027557888021	-0.06771508357447283	0.4481247531978473	0.001	0	0
8.211300000007336e-08	0.8917635927542957	-0.0754704637914516	0.4461635392241884	0.001	0	0
8.221400000007348e-08	0.8921232991466057	-0.08317798438938372	0.4440691860878159	0.001	0	0
8.231500000007359e-08	0.8924818780541486	-0.09083537946676451	0.4418427674886948	0.001	0	0
8.241600000007371e-08	0.892839332559927	-0.09844040602963275	0.4394853953144123	0.001	0	0
8.251700000007382e-08	0.8931956657415203	-0.10599084462775965	0.4369982191676029	0.001	0	0
8.261800000007394e-08	0.8935508806710708	-0.11348449998132538	0.43438242588293374	0.001	0	0
8.271900000007405e-08	0.8939049804152741	-0.12091920159791095	0.43163923903381674	0.001	0	0
8.282000000007416e-08	0.8942579680353664	-0.1282928043796461	0.4287699184290611	0.001	0	0
8.292100000007428e-08	0.8946098465871137	-0.13560318922034625	0.42577575959964153	0.001	0	0
8.30220000000744e-08	0.8949606191208015	-0.1428482635924846	0.4226580932757869	0.001	0	0
8.312300000007451e-08	0.8953102886812228	-0.15002596212384528	0.4194182848545832	0.001	0	0
8.322400000007462e-08	0.8956588583076684	-0.15713424716370472	0.4160577338582951	0.001	0	0
8.332500000007474e-08	0.8960063310339162	-0.1641711093384006	0.4125778733836061	0.001	0	0
8.342600000007485e-08	0.8963527098882206	-0.1711345680961415	0.40898016954198513	0.001	0	0
8.352700000007497e-08	0.896697997893303	-0.17802267224091992	0.4052661208913771	0.001	0	0
8.362800000007508e-08	0.8970421980663423	-0.18483350045539576	0.40143725785944495	0.001	0	0
8.37290000000752e-08	0.8973853134189642	-0.19156516181262012	0.3974951421585581	0.001	0	0
8.383000000007531e-08	0.8977273469572311	-0.19821579627647126	0.39344136619274744	0.001	0	0
8.393100000007542e-08	0.898068301681636	-0.20478357519068102	0.3892775524568358	0.001	0	0
8.403200000007554e-08	0.89840818058709	-0.21126670175633278	0.3850053529279759	0.001	0	0
8.413300000007565e-08	0.8987469866629142	-0.2176634114977214	0.3806264484497959	0.001	0	0
8.423400000007577e-08	0.8990847228928305	-0.22397197271645783	0.37614254810938413	0.001	0	0
8.433500000007588e-08	0.8994213922549561	-0.23019068693371467	0.37155538860732606	0.001	0	0
8.4436000000076e-08	0.8997569977217909	-0.23631788932051728	0.3668667336210318	0.001	0	0
8.453700000007611e-08	0.9000915422602103	-0.2423519491159748	0.3620783731615629	0.001	0	0
8.463800000007623e-08	0.9004250288314589	-0.24829127003335716	0.35719212292418906	0.001	0	0
8.473900000007634e-08	0.900757460391141	-0.2541342906539354	0.3522098236329068	0.001	0	0
8.484000000007646e-08	0.9010888398892133	-0.25987948480849965	0.3471333403791409	0.001	0	0
8.494100000007657e-08	0.9014191702699764	-0.26552536194646364	0.34196456195487107	0.001	0	0
8.504200000007668e-08	0.901748454472069	-0.27107046749249075	0.3367054001803911	0.001	0	0
8.51430000000768e-08	0.9020766954284593	-0.2765133831905653	0.33135778922695963	0.001	0	0
8.524400000007691e-08	0.9024038960664384	-0.2818527274354395	0.32592368493455076	0.001	0	0
8.534500000007703e-08	0.9027300593076135	-0.28708715559139064	0.3204050641249558	0.001	0	0
8.544600000007714e-08	0.9030551880679007	-0.2922153602982354	0.31480392391045736	0.001	0	0
8.554700000007726e-08	0.9033792852575182	-0.2972360717645385	0.30912228099831596	0.001	0	0
8.564800000007737e-08	0.9037023537809797	-0.30214805804797074	0.30336217099130425	0.001	0	0
8.574900000007749e-08	0.9040243965370903	-0.3069501253227609	0.2975256476845167	0.001	0	0
8.58500000000776e-08	0.9043454164189377	-0.31164111813421247	0.2916147823587065	0.001	0	0
8.595100000007772e-08	0.9046654163138864	-0.3162199196402351	0.2856316630703709	0.001	0	0
8.605200000007783e-08	0.9049843991035733	-0.3206854518398572	0.27957839393882167	0.001	0	0
8.615300000007794e-08	0.9053023676639017	-0.3250366757886984	0.27345709443049043	0.001	0	0
8.625400000007806e-08	0.9056193248650339	-0.3292725918013731	0.26726989864069345	0.001	0	0
8.635500000007817e-08	0.9059352735713888	-0.33339223964079245	0.2610189545730915	0.001	0	0
8.645600000007829e-08	0.906250216641634	-0.3373946986943689	0.25470642341709354	0.001	0	0
8.65570000000784e-08	0.9065641569286818	-0.34127908813709146	0.24833447882342888	0.001	0	0
8.665800000007852e-08	0.9068770972796848	-0.34504456708147163	0.2419053061781265	0.001	0	0
8.675900000007863e-08	0.9071890405360311	-0.3486903347143565	0.23542110187514081	0.001	0	0
8.686000000007875e-08	0.9074999895333381	-0.3522156304206078	0.22888407258786098	0.001	0	0
8.696100000007886e-08	0.9078099471014497	-0.3556197338936457	0.222296434539729	0.001	0	0
8.706200000007897e-08	0.9081189160644315	-0.3589019652328734	0.2156604127742124	0.001	0	0
8.716300000007909e-08	0.9084268992405652	-0.36206168502799324	0.2089782404243614	0.001	0	0
8.72640000000792e-08	0.9087338994423474	-0.3650982944302225	0.20225215798217894	0.001	0	0
8.736500000007932e-08	0.9090399194764835	-0.36801123521044127	0.19548441256804513	0.001	0	0
8.746600000007943e-08	0.9093449621438834	-0.370799989804294	0.18867725720042391	0.001	0	0
8.756700000007955e-08	0.9096490302396598	-0.37346408134426157	0.18183295006607864	0.001	0	0
8.766800000007966e-08	0.9099521265531245	-0.3760030736787571	0.17495375379103426	0.001	0	0
8.776900000007978e-08	0.9102542538677825	-0.3784165713782665	0.16804193471251164	0.001	0	0
8.787000000007989e-08	0.9105554149613325	-0.3807042197285782	0.1610997621520589	0.001	0	0
8.797100000008e-08	0.9108556126056616	-0.3828657047111538	0.15412950769011258	0.001	0	0
8.807200000008012e-08	0.9111548495668407	-0.38490075297068227	0.14713344444221232	0.001	0	0
8.817300000008023e-08	0.9114531286051265	-0.38680913176986126	0.14011384633708718	0.001	0	0
8.827400000008035e-08	0.9117504524749541	-0.3885906489314877	0.13307298739684836	0.001	0	0
8.837500000008046e-08	0.9120468239249366	-0.3902451527678926	0.12601314101949818	0.001	0	0
8.847600000008058e-08	0.9123422456978637	-0.3917725319977927	0.11893657926398314	0.001	0	0
8.857700000008069e-08	0.9126367205306962	-0.39317271565063877	0.11184557213800671	0.001	0	0
8.867800000008081e-08	0.912930251154566	-0.3944456729585126	0.10474238688881868	0.001	0	0
8.877900000008092e-08	0.9132228402947757	-0.3955914132356567	0.09762928729719583	0.001	0	0
8.888000000008104e-08	0.9135144906707923	-0.39660998574572837	0.09050853297483075	0.001	0	0
8.898100000008115e-08	0.9138052049962493	-0.3975014795568358	0.08338237866533454	0.001	0	0
8.908200000008127e-08	0.9140949859789437	-0.39826602338446454	0.07625307354906974	0.001	0	0
8.918300000008138e-08	0.9143838363208334	-0.39890378542237726	0.06912286055201707	0.001	0	0
8.92840000000815e-08	0.9146717587180374	-0.3994149731615707	0.06199397565888249	0.001	0	0
8.938500000008161e-08	0.9149587558608345	-0.3997998331974043	0.05486864723065038	0.001	0	0
8.948600000008172e-08	0.9152448304336598	-0.40005865102499066	0.047749095326782995	0.001	0	0
8.958700000008184e-08	0.9155299851151072	-0.40019175082294384	0.040637531032264806	0.001	0	0
8.968800000008195e-08	0.9158142225779257	-0.40019949522561743	0.033536155789693226	0.001	0	0
8.978900000008207e-08	0.9160975454890198	-0.40008228508391314	0.026447160736605597	0.001	0	0
8.989000000008218e-08	0.9163799565094487	-0.3998405592147961	0.01937272604823896	0.001	0	0
8.99910000000823e-08	0.9166614582944246	-0.399474794139626	0.012315020285911932	0.001	0	0
9.009200000008241e-08	0.9169420534933144	-0.39898550381141545	0.005276199751215899	0.001	0	0
9.019300000008253e-08	0.9172217447496376	-0.3983732393311585	-0.001741592153797432	0.001	0	0
9.029400000008264e-08	0.9175005347010664	-0.39763858865333696	-0.008736225560250476	0.001	0	0
9.039500000008275e-08	0.9177784259794272	-0.3967821762807402	-0.015705584759714973	0.001	0	0
9.049600000008287e-08	0.9180554212106972	-0.3958046629487439	-0.022647568824950864	0.001	0	0
9.059700000008298e-08	0.9183315230150075	-0.39470674529915134	-0.02956009222393275	0.001	0	0
9.06980000000831e-08	0.9186067340066432	-0.39348915554377245	-0.03644108542699278	0.001	0	0
9.079900000008321e-08	0.9188810567940405	-0.3921526611178553	-0.043288495506909386	0.001	0	0
9.090000000008333e-08	0.9191544939797928	-0.3906980643235199	-0.05010028673177525	0.001	0	0
9.100100000008344e-08	0.9194270481606446	-0.38912620196335285	-0.05687444115048177	0.001	0	0
9.110200000008356e-08	0.9196987219274981	-0.3874379449642898	-0.06360895917065647	0.001	0	0
9.120300000008367e-08	0.9199695178654104	-0.3856341979919585	-0.07030186012889836	0.001	0	0
9.130400000008378e-08	0.9202394385535948	-0.3837158990556232	-0.0769511828531533	0.001	0	0
9.14050000000839e-08	0.9205084865654235	-0.3816840191038881	-0.08355498621707931	0.001	0	0
9.150600000008401e-08	0.9207766644684255	-0.3795395616113328	-0.09011134968625252	0.001	0	0
9.160700000008413e-08	0.9210439748242922	-0.3772835621562094	-0.09661837385606499	0.001	0	0
9.170800000008424e-08	0.9213104201888749	-0.37491708798940904	-0.10307418098117778	0.001	0	0
9.180900000008436e-08	0.9215760031121872	-0.3724412375948233	-0.10947691549638282	0.001	0	0
9.191000000008447e-08	0.9218407261384086	-0.36985714024128774	-0.11582474452874097	0.001	0	0
9.201100000008459e-08	0.9221045918058811	-0.36716595552628467	-0.1221158584008641	0.001	0	0
9.21120000000847e-08	0.9223676026471174	-0.3643688729115481	-0.1283484711252055	0.001	0	0
9.221300000008482e-08	0.9226297611887971	-0.36146711125078596	-0.1345208208892407	0.001	0	0
9.231400000008493e-08	0.922891069951772	-0.35846191830965807	-0.1406311705314067	0.001	0	0
9.241500000008504e-08	0.9231515314510663	-0.35535457027821016	-0.14667780800768643	0.001	0	0
9.251600000008516e-08	0.9234111481958793	-0.35214637127593557	-0.15265904684871762	0.001	0	0
9.261700000008527e-08	0.9236699226895879	-0.3488386528496466	-0.15857322660731343	0.001	0	0
9.271800000008539e-08	0.9239278574297478	-0.3454327734643433	-0.16441871329628976	0.001	0	0
9.28190000000855e-08	0.9241849549080973	-0.34193011798725076	-0.1701938998164827	0.001	0	0
9.292000000008562e-08	0.9244412176105582	-0.33833209716523466	-0.17589720637486786	0.001	0	0
9.302100000008573e-08	0.9246966480172395	-0.3346401470957555	-0.18152708089266598	0.001	0	0
9.312200000008585e-08	0.9249512486024398	-0.33085572869157226	-0.18708199940335357	0.001	0	0
9.322300000008596e-08	0.925205021834649	-0.32698032713937475	-0.19256046644047686	0.001	0	0
9.332400000008608e-08	0.9254579701765535	-0.32301545135253773	-0.19796101541518227	0.001	0	0
9.342500000008619e-08	0.925710096085035	-0.3189626334181965	-0.2032822089833847	0.001	0	0
9.35260000000863e-08	0.9259614020111792	-0.31482342803882263	-0.2085226394024776	0.001	0	0
9.362700000008642e-08	0.9262118904002723	-0.31059941196852164	-0.21368092887752652	0.001	0	0
9.372800000008653e-08	0.9264615636918105	-0.3062921834442105	-0.21875572989685005	0.001	0	0
9.382900000008665e-08	0.926710424319498	-0.3019033616119147	-0.22374572555694022	0.001	0	0
9.393000000008676e-08	0.9269584747112539	-0.29743458594834793	-0.2286496298766319	0.001	0	0
9.403100000008688e-08	0.9272057172892135	-0.29288751567799426	-0.23346618810047798	0.001	0	0
9.413200000008699e-08	0.9274521544697332	-0.28826382918588345	-0.23819417699125656	0.001	0	0
9.42330000000871e-08	0.9276977886633933	-0.28356522342626095	-0.24283240511156046	0.001	0	0
9.433400000008722e-08	0.9279426222750011	-0.2787934133273572	-0.24737971309441745	0.001	0	0
9.443500000008734e-08	0.9281866577035963	-0.2739501311924499	-0.25183497390288456	0.001	0	0
9.453600000008745e-08	0.9284298973424532	-0.2690371260974327	-0.256197093078583	0.001	0	0
9.463700000008756e-08	0.9286723435790858	-0.2640561632850788	-0.2604650089791183	0.001	0	0
9.473800000008768e-08	0.9289139987952498	-0.2590090235562182	-0.26463769300436585	0.001	0	0
9.48390000000878e-08	0.9291548653669502	-0.25389750265801037	-0.26871414981156116	0.001	0	0
9.494000000008791e-08	0.9293949456644416	-0.24872341066954387	-0.2726934175191973	0.001	0	0
9.504100000008802e-08	0.9296342420522348	-0.2434885713849358	-0.2765745678996717	0.001	0	0
9.514200000008814e-08	0.9298727568891	-0.23819482169416142	-0.28035670656067996	0.001	0	0
9.524300000008825e-08	0.9301104925280722	-0.23284401096179677	-0.2840389731153276	0.001	0	0
9.534400000008837e-08	0.9303474513164538	-0.22743800040389123	-0.2876205413409446	0.001	0	0
9.544500000008848e-08	0.9305836355958217	-0.2219786624631685	-0.29110061932659254	0.001	0	0
9.55460000000886e-08	0.9308190477020292	-0.2164678801827577	-0.2944784496092561	0.001	0	0
9.564700000008871e-08	0.9310536899652122	-0.21090754657866045	-0.2977533092987092	0.001	0	0
9.574800000008882e-08	0.9312875647097948	-0.2052995640111553	-0.30092451019106037	0.001	0	0
9.584900000008894e-08	0.9315206742544903	-0.199645843555345	-0.30399139887097876	0.001	0	0
9.595000000008905e-08	0.9317530209123114	-0.19394830437104058	-0.306953356802593	0.001	0	0
9.605100000008917e-08	0.9319846069905704	-0.1882088730721952	-0.30980980040910006	0.001	0	0
9.615200000008928e-08	0.9322154347908881	-0.18242948309607568	-0.312560181141063	0.001	0	0
9.62530000000894e-08	0.9324455066091946	-0.1766120740723879	-0.31520398553345086	0.001	0	0
9.635400000008951e-08	0.9326748247357394	-0.17075859119253625	-0.31774073525139696	0.001	0	0
9.645500000008963e-08	0.9329033914550916	-0.16487098457923757	-0.3201699871247475	0.001	0	0
9.655600000008974e-08	0.9331312090461497	-0.15895120865666695	-0.32249133317138257	0.001	0	0
9.665700000008985e-08	0.9333582797821428	-0.15300122152135182	-0.3247044006093749	0.001	0	0
9.675800000008997e-08	0.9335846059306401	-0.1470229843139923	-0.32680885185799263	0.001	0	0
9.685900000009008e-08	0.9338101897535519	-0.14101846059242218	-0.3288043845276077	0.001	0	0
9.69600000000902e-08	0.9340350335071397	-0.13498961570588636	-0.3306907313985284	0.001	0	0
9.706100000009031e-08	0.9342591394420185	-0.12893841617084467	-0.33246766038881626	0.001	0	0
9.716200000009043e-08	0.9344825098031643	-0.12286682904848126	-0.33413497451112545	0.001	0	0
9.726300000009054e-08	0.9347051468299179	-0.11677682132412064	-0.33569251181862275	0.001	0	0
9.736400000009066e-08	0.9349270527559929	-0.11067035928872988	-0.3371401453400298	0.001	0	0
9.746500000009077e-08	0.9351482298094799	-0.10454940792270818	-0.3384777830038588	0.001	0	0
9.756600000009089e-08	0.9353686802128542	-0.09841593028213674	-0.33970536755189046	0.001	0	0
9.7667000000091e-08	0.9355884061829786	-0.09227188688768853	-0.3408228764419716	0.001	0	0
9.776800000009111e-08	0.9358074099311132	-0.08611923511636906	-0.3418303217401774	0.001	0	0
9.786900000009123e-08	0.9360256936629185	-0.07995992859628177	-0.3427277500024324	0.001	0	0
9.797000000009134e-08	0.9362432595784634	-0.07379591660459238	-0.34351524214564627	0.001	0	0
9.807100000009146e-08	0.93646010987223	-0.06762914346887411	-0.3441929133084489	0.001	0	0
9.817200000009157e-08	0.9366762467331213	-0.06146154797201138	-0.34476091270159553	0.001	0	0
9.827300000009169e-08	0.9368916723444661	-0.05529506276083787	-0.3452194234481375	0.001	0	0
9.83740000000918e-08	0.9371063888840268	-0.0491316137586831	-0.34556866241342965	0.001	0	0
9.847500000009192e-08	0.9373203985240043	-0.04297311958200047	-0.34580888002506993	0.001	0	0
9.857600000009203e-08	0.9375337034310448	-0.036821490961246324	-0.3459403600828628	0.001	0	0
9.867700000009215e-08	0.937746305766248	-0.03067863016618012	-0.3459634195588913	0.001	0	0
9.877800000009226e-08	0.9379582076851714	-0.024546430435750773	-0.3458784083878088	0.001	0	0
9.887900000009237e-08	0.9381694113378387	-0.018426775412734953	-0.3456857092474349	0.001	0	0
9.898000000009249e-08	0.9383799188687442	-0.012321538583289507	-0.3453857373297709	0.001	0	0
9.90810000000926e-08	0.9385897324168633	-0.006232582721578465	-0.34497894010252234	0.001	0	0
9.918200000009272e-08	0.9387988541156549	-0.00016175933963285697	-0.3444657970612606	0.001	0	0
9.928300000009283e-08	0.9390072860930714	0.005889091857400394	-0.34384681947230494	0.001	0	0
9.938400000009295e-08	0.9392150304715636	0.01191814351046672	-0.34312255010646503	0.001	0	0
9.948500000009306e-08	0.9394220893680904	0.017923581140117547	-0.34229356296373037	0.001	0	0
9.958600000009318e-08	0.9396284648941213	0.023903603674180554	-0.3413604629890589	0.001	0	0
9.968700000009329e-08	0.9398341591556487	0.029856423969438658	-0.3403238857793441	0.001	0	0
9.97880000000934e-08	0.94003917425319	0.03578026932717466	-0.3391844972817235	0.001	0	0
9.988900000009352e-08	0.9402435122817987	0.04167338200243796	-0.3379429934833181	0.001	0	0
9.999000000009363e-08	0.9404471753310694	0.04753401970689469	-0.3366001000925544	0.001	0	0
