#t	<mx>	<my>	<mz>	u_x	u_y	u_z
1.000000e-10	-0.00013394082074324445	0.00022976874622394493	0.9998491538415133	-0.00013394082074322263	0.00022976874622390706	0.9998491538413558
5.100000e-09	-0.0003538627658073522	0.0019059745582942387	0.9921293069886111	-0.0003538627658072915	0.0019059745582939323	0.9921293069884513
1.010000e-08	0.00026843327141275923	0.0023978953715322747	0.9844140367107491	0.00026843327141271706	0.0023978953715318714	0.9844140367105872
1.510000e-08	0.00034912954042921917	0.0027369308799400065	0.9768199329728187	0.0003491295404291617	0.0027369308799395768	0.976819932972662
2.010000e-08	0.0014858511361237118	0.0016479878830456167	0.9695213219854011	0.0014858511361234641	0.001647987883045348	0.9695213219852383
2.510000e-08	0.0004877387015761025	0.0016944538531919401	0.9620554802833649	0.0004877387015760331	0.0016944538531916578	0.9620554802832091
3.010000e-08	0.0003620004368399185	0.0015759009353469176	0.9545514995290786	0.000362000436839854	0.0015759009353466307	0.9545514995289207
3.510000e-08	0.00039151141438131587	0.0014133233244335737	0.9475965235507047	0.00039151141438125016	0.0014133233244333437	0.9475965235505437
4.010000e-08	0.0006871224425295221	0.0012518024301688463	0.9405030576278148	0.0006871224425294224	0.0012518024301686526	0.9405030576276664
4.510000e-08	0.0007874747986575033	0.0007502856183035304	0.9329983428730246	0.0007874747986573828	0.0007502856183034189	0.9329983428728725
5.010000e-08	0.0007759168022099409	0.0008091122736337582	0.925598719673845	0.0007759168022098113	0.0008091122736336312	0.9255987196736944
5.510000e-08	0.0012746448167020048	-0.0003066156115804583	0.9177636956504259	0.0012746448167018074	-0.0003066156115804077	0.9177636956502713
6.010000e-08	0.0017354554540113434	0.00042493982398726995	0.9106515235321015	0.0017354554540110656	0.00042493982398719807	0.9106515235319539
6.510000e-08	0.0020555304392386804	0.0007829480271426132	0.9036570895204008	0.0020555304392383413	0.000782948027142483	0.9036570895202602
7.010000e-08	0.001796192498862289	-0.00038858847810914596	0.8959643186064427	0.0017961924988619882	-0.0003885884781090784	0.8959643186062988
7.510000e-08	0.002041636187085665	0.0007862728893281648	0.8885713574078625	0.0020416361870853367	0.0007862728893280378	0.8885713574077198
8.010000e-08	0.0018889620689340628	7.256896744245965e-05	0.8820267130066003	0.001888962068933742	7.25689674424482e-05	0.8820267130064553
8.510000e-08	0.00150879084869664	5.406249403646334e-05	0.8753192671206269	0.0015087908486963936	5.406249403645792e-05	0.8753192671204859
9.010000e-08	0.0013203535494642944	0.0002804153309099161	0.8690202637673299	0.0013203535494640864	0.0002804153309098789	0.8690202637671859
9.510000e-08	0.0011124767929188743	-0.000960672327974748	0.8626665561154094	0.0011124767929186984	-0.0009606723279745824	0.8626665561152708
1.001000e-07	0.0013508110926915607	-0.0027081939980532757	0.8563067758558481	0.0013508110926913422	-0.002708193998052846	0.8563067758557078
1.051000e-07	0.0020725556538658207	-0.0020475634913410547	0.8493828136184126	0.0020725556538654768	-0.002047563491340733	0.8493828136182736
1.101000e-07	0.002805016187130553	-0.0030574111139137954	0.8431218406779192	0.0028050161871301057	-0.00305741111391328	0.8431218406777833
1.151000e-07	0.0020759349071366984	-0.002882749628652463	0.8360927853394163	0.0020759349071363693	-0.00288274962865196	0.8360927853392769
1.201000e-07	0.0012791759391477765	-0.002887486125133022	0.8296629351671037	0.001279175939147581	-0.0028874861251325422	0.8296629351669712
1.251000e-07	0.00041823582182217426	-0.003380066055309414	0.8229239212429349	0.0004182358218221126	-0.0033800660553088583	0.8229239212428007
1.301000e-07	2.528313180797862e-06	-0.003606365266963824	0.8173611338708958	2.5283131807701977e-06	-0.0036063652669632526	0.8173611338707638
1.351000e-07	-0.0005585681593189275	-0.003098070443470538	0.8111026455692714	-0.0005585681593187993	-0.0030980704434700216	0.811102645569141
1.401000e-07	-0.00017472840698571848	-0.0027017302114759533	0.8045870070304265	-0.0001747284069856931	-0.002701730211475521	0.804587007030298
1.451000e-07	0.00037961470167288897	-0.0005313671965742151	0.798195443633252	0.0003796147016728117	-0.0005313671965741275	0.7981954436331232
1.501000e-07	0.0005061670151563474	-0.001376643384151028	0.7910688903125294	0.0005061670151562768	-0.0013766433841508028	0.7910688903124009
1.551000e-07	0.0008420434846864994	-0.000400508641372293	0.785351927641557	0.0008420434846863431	-0.00040050864137222545	0.7853519276414276
1.601000e-07	-0.0001221172775359067	0.00035590368002499137	0.7795458149278296	-0.00012211727753588575	0.00035590368002493217	0.7795458149277019
1.651000e-07	-0.0003554710539215694	-0.00016733882643571755	0.7731698564296053	-0.00035547105392148143	-0.00016733882643569733	0.7731698564294867
1.701000e-07	0.0005796535042762543	-0.0002923860215898845	0.7672944820291461	0.0005796535042761519	-0.0002923860215898345	0.7672944820290188
1.751000e-07	0.00045438506690232756	-0.0009320778404622287	0.7611072381424391	0.00045438506690228	-0.0009320778404620811	0.7611072381423162
1.801000e-07	0.0008802155143263223	-8.15711115417677e-05	0.755226061970109	0.0008802155143261784	-8.157111154174544e-05	0.7552260619699809
1.851000e-07	0.0011165496631525365	0.00047046362893551224	0.7498812639188112	0.0011165496631523944	0.00047046362893542854	0.7498812639186879
1.901000e-07	0.0011908752526078696	0.00094761077135963	0.7443858033841536	0.0011908752526076836	0.000947610771359471	0.7443858033840322
1.951000e-07	0.0005792804115939034	-0.00033201753009135307	0.738484111727796	0.0005792804115938426	-0.00033201753009129425	0.7384841117276699
2.001000e-07	0.0006075775675936587	8.897732973148116e-05	0.733324775522713	0.0006075775675935599	8.897732973146305e-05	0.7333247755225945
2.051000e-07	0.000426406462926738	-0.0019149211991797831	0.7277022774231536	0.00042640646292666125	-0.0019149211991794765	0.7277022774230344
2.101000e-07	-0.0008470817809638783	-0.0017894241764377329	0.7217336076438137	-0.0008470817809637215	-0.0017894241764374653	0.7217336076436982
2.151000e-07	-0.0007042969839272948	-0.002658433928839385	0.7151534491409443	-0.0007042969839271928	-0.0026584339288389333	0.7151534491408239
2.201000e-07	0.00021048705408674304	-0.0023710529514102243	0.7097321863539666	0.00021048705408669097	-0.0023710529514098235	0.7097321863538477
2.251000e-07	0.0003155958722073451	-0.0016507281295459367	0.704759004515896	0.00031559587220730774	-0.0016507281295456697	0.7047590045157809
2.301000e-07	-0.00043435493680961786	-0.0018796362830477223	0.6987263774637124	-0.0004343549368095602	-0.0018796362830474113	0.6987263774635996
2.351000e-07	0.0007346459727390375	-0.0018367043591925568	0.6938257091385281	0.0007346459727389226	-0.0018367043591922213	0.6938257091384169
2.401000e-07	0.000899831728119672	-0.0019445096988346304	0.6882096223553335	0.0008998317281195192	-0.0019445096988342952	0.6882096223552189
2.451000e-07	0.0011160009808663545	-0.0020457490290334427	0.6834397872174995	0.0011160009808661787	-0.0020457490290331	0.6834397872173895
2.501000e-07	0.0012591790244413988	-0.002347726046558598	0.6785797010034852	0.0012591790244411906	-0.0023477260465582257	0.6785797010033774
2.551000e-07	0.0010057637672124316	-0.0023180988990770778	0.6736166779527373	0.0010057637672122564	-0.00231809889907668	0.6736166779526216
2.601000e-07	0.0005002539550820482	-0.001532139989820788	0.6688918362827794	0.000500253955081972	-0.0015321399898205548	0.6688918362826674
2.651000e-07	0.00012241556713614768	-0.001861195896846085	0.664344104336866	0.00012241556713612388	-0.0018611958968457615	0.6643441043367582
2.701000e-07	0.00032417280413756514	-0.0015648773787100096	0.659417079663645	0.00032417280413751733	-0.0015648773787097596	0.6594170796635386
2.751000e-07	0.000516892977369108	-0.0004252415907568355	0.6546923393644567	0.000516892977369022	-0.00042524159075675875	0.654692339364347
2.801000e-07	0.0004676950847912631	0.0013602078103423195	0.6486376731549628	0.00046769508479118526	0.0013602078103420957	0.6486376731548551
2.851000e-07	0.0002850279756443252	0.0015656027180065055	0.6439339402941604	0.0002850279756442771	0.0015656027180062525	0.6439339402940534
2.901000e-07	0.0011175419895486543	0.001280118346711276	0.6388415077610256	0.0011175419895484652	0.0012801183467110533	0.6388415077609297
2.951000e-07	0.0029688031865191134	0.0019354921278493414	0.6339643548092733	0.0029688031865186264	0.001935492127849024	0.6339643548091681
3.001000e-07	0.003279064550419813	0.0006320951025924799	0.6272328435746982	0.003279064550419255	0.0006320951025923748	0.6272328435745971
3.051000e-07	0.0026863027290338266	0.0011777942978162745	0.6220498931360765	0.002686302729033395	0.0011777942978160748	0.622049893135977
3.101000e-07	0.0030024998499718182	0.0014619796032086022	0.6160880032416339	0.00300249984997135	0.0014619796032083723	0.616088003241533
3.151000e-07	0.0035823244399226894	0.0003801956238595201	0.6109068849970115	0.003582324439922115	0.00038019562385945336	0.6109068849969097
3.201000e-07	0.00340179199729418	0.0012098417868930153	0.6052837222409501	0.003401791997293622	0.0012098417868928156	0.60528372224085
3.251000e-07	0.003930713348578537	0.002067184231811615	0.6013197733095057	0.003930713348577902	0.002067184231811301	0.601319773309402
3.301000e-07	0.0036236077444594525	0.002003636852181349	0.5966275771367329	0.0036236077444588583	0.002003636852181049	0.5966275771366374
3.351000e-07	0.004184639692758479	0.0018700605841804638	0.592625293990346	0.004184639692757809	0.0018700605841801585	0.5926252939902469
3.401000e-07	0.003342684997426388	0.0026448361506756497	0.588338750281327	0.003342684997425835	0.0026448361506752048	0.5883387502812272
3.451000e-07	0.0030358114065626427	0.0008667251869004417	0.5838902223315839	0.0030358114065621613	0.0008667251869002955	0.5838902223314852
3.501000e-07	0.0020012680136063114	0.0012507857413460515	0.5802409864252547	0.0020012680136059836	0.0012507857413458449	0.5802409864251559
3.551000e-07	0.0015948893648340514	0.003008231197224097	0.5765896936338958	0.0015948893648337881	0.003008231197223624	0.5765896936338043
3.601000e-07	0.0005074406057428076	0.0035278856933240823	0.5730515179056905	0.0005074406057427196	0.0035278856933234973	0.5730515179055933
3.651000e-07	0.00015277743572741182	0.004447106233972338	0.5688686941294657	0.00015277743572739266	0.004447106233971587	0.5688686941293706
3.701000e-07	0.0005962167409122468	0.003831985065279752	0.5636192986001364	0.0005962167409121373	0.003831985065279144	0.563619298600042
3.751000e-07	0.0010277744485339922	0.004943806161640052	0.5595945088918635	0.001027774448533822	0.0049438061616392595	0.5595945088917714
3.801000e-07	0.001811221404036247	0.004909872672701618	0.5555852192920366	0.0018112214040359586	0.004909872672700801	0.5555852192919456
3.851000e-07	0.0023730207418492786	0.004637183118202605	0.5504221887843904	0.002373020741848905	0.004637183118201857	0.5504221887842994
3.901000e-07	0.0029997522890502677	0.004419527515596474	0.5455279377820119	0.002999752289049778	0.004419527515595769	0.545527937781924
3.951000e-07	0.002859208861035986	0.005837221145259841	0.5418699025656527	0.0028592088610355205	0.005837221145258905	0.5418699025655647
4.001000e-07	0.0027810897905689684	0.005192586601835533	0.5366666655395496	0.0027810897905685217	0.005192586601834698	0.5366666655394644
4.051000e-07	0.0023195695301916415	0.006413900141865364	0.5316199739267061	0.0023195695301912694	0.00641390014186431	0.5316199739266202
4.101000e-07	0.002429357466572774	0.006903199758893761	0.5279676024807518	0.0024293574665723715	0.006903199758892636	0.5279676024806667
4.151000e-07	0.0028423228686200396	0.007667542560596254	0.524447447426562	0.0028423228686195656	0.007667542560594992	0.5244474474264795
4.201000e-07	0.0025676237183534685	0.006648547447383706	0.5207231474165065	0.0025676237183530283	0.00664854744738264	0.520723147416421
4.251000e-07	0.0031747452789709137	0.005879766408912249	0.5168428414665692	0.0031747452789703786	0.005879766408911293	0.5168428414664851
4.301000e-07	0.002970738683898275	0.006349357474572358	0.5122093550310143	0.0029707386838977987	0.006349357474571339	0.5122093550309275
4.351000e-07	0.003074559228867309	0.005987838224859288	0.5080343146750885	0.0030745592288668002	0.005987838224858279	0.5080343146750059
4.401000e-07	0.0026594372768585514	0.007337277470658262	0.5044471496136261	0.0026594372768581113	0.007337277470657064	0.5044471496135451
4.451000e-07	0.0025576689405675582	0.0074937178835225195	0.5002714701284227	0.0025576689405671185	0.007493717883521274	0.5002714701283413
4.501000e-07	0.0020743437858833304	0.006908064290918409	0.4961482667931563	0.0020743437858829973	0.006908064290917269	0.4961482667930744
4.551000e-07	0.0026730038036640387	0.006416214543971985	0.4920012208379832	0.002673003803663601	0.00641621454397088	0.49200122083790115
4.601000e-07	0.0021071251581027007	0.005442368798946087	0.48818006235271394	0.002107125158102347	0.005442368798945209	0.4881800623526348
4.651000e-07	0.001720267916863074	0.00514050910994527	0.4847566477245793	0.0017202679168627974	0.005140509109944408	0.4847566477244985
4.701000e-07	0.002764174465019342	0.0053452583807399884	0.4817511116976175	0.002764174465018903	0.005345258380739082	0.4817511116975386
4.751000e-07	0.0036603285388043024	0.004806645918010556	0.47867913649229954	0.003660328538803711	0.004806645918009787	0.4786791364922202
4.801000e-07	0.00297709489346713	0.004991635467416328	0.4759104182941501	0.0029770948934666297	0.00499163546741551	0.47591041829407127
4.851000e-07	0.002215659322730754	0.0052900047423362	0.47289564683587304	0.002215659322730397	0.00529000474233535	0.4728956468357942
4.901000e-07	0.0023055512104911773	0.004894729979471037	0.46999257598194755	0.0023055512104908126	0.004894729979470257	0.46999257598186805
4.951000e-07	0.0023966177497446754	0.005820532355392164	0.46693114887476017	0.002396617749744276	0.005820532355391208	0.46693114887468584
5.001000e-07	0.0019705339264314203	0.005519759963042792	0.4628350224165184	0.0019705339264311124	0.005519759963041896	0.4628350224164444
5.051000e-07	0.0032660281774935396	0.00494715485462013	0.4605856364311077	0.003266028177493008	0.0049471548546193385	0.46058563643103334
5.101000e-07	0.0035882066897989394	0.004812594538005251	0.4581528685937148	0.003588206689798352	0.004812594538004463	0.4581528685936378
5.151000e-07	0.003997329551789055	0.004819101491705015	0.4551294732141451	0.0039973295517884136	0.004819101491704252	0.4551294732140743
5.201000e-07	0.0034338707508562577	0.005244544764857626	0.45119292384007925	0.0034338707508557117	0.005244544764856763	0.4511929238400079
5.251000e-07	0.00344223650310902	0.0039591512616223325	0.44810530310998764	0.003442236503108441	0.0039591512616216976	0.44810530310991376
5.301000e-07	0.003724785843232284	0.0047713050409891955	0.4448575235225844	0.003724785843231671	0.004771305040988409	0.4448575235225118
5.351000e-07	0.0038325174846847374	0.004833726566112324	0.4412721971498282	0.0038325174846840955	0.004833726566111531	0.4412721971497543
5.401000e-07	0.004906112150521256	0.005838119142984839	0.4372171369041887	0.004906112150520423	0.005838119142983864	0.4372171369041196
5.451000e-07	0.0051261889442261385	0.0057024341879243975	0.43274090784257074	0.0051261889442252885	0.005702434187923447	0.432740907842503
5.501000e-07	0.005731339127152766	0.004962075891017535	0.43078293050631783	0.005731339127151809	0.004962075891016747	0.4307829305062476
5.551000e-07	0.005594397788775728	0.005794459310477361	0.4277205151258188	0.0055943977887748285	0.005794459310476403	0.4277205151257474
5.601000e-07	0.004373506038342424	0.005327805982976731	0.42496855030472774	0.004373506038341718	0.005327805982975838	0.42496855030466013
5.651000e-07	0.0037447464082559744	0.00480717094066485	0.42144714064885197	0.0037447464082553438	0.00480717094066407	0.4214471406487842
5.701000e-07	0.0033795628101883223	0.004614754181872815	0.4187162944125929	0.0033795628101877576	0.0046147541818720664	0.41871629441252417
5.751000e-07	0.0026818879227746345	0.003207971684346994	0.4154512894026308	0.002681887922774208	0.003207971684346454	0.4154512894025633
5.801000e-07	0.0023390867471187434	0.004253389390273716	0.4123312271339874	0.0023390867471183552	0.004253389390273018	0.4123312271339195
5.851000e-07	0.0012604260572615968	0.003665333919482982	0.4089901373725506	0.0012604260572614088	0.0036653339194823924	0.40899013737248474
5.901000e-07	0.0025825464182997267	0.0037258848114661946	0.4060634428198836	0.0025825464182993134	0.003725884811465588	0.40606344281981727
5.951000e-07	0.003196907006929232	0.0029515386479416696	0.40246850839433207	0.003196907006928709	0.002951538647941173	0.4024685083942658
6.001000e-07	0.003075100464522654	0.0027540550765504743	0.3997616864129793	0.0030751004645221593	0.0027540550765500368	0.3997616864129158
6.051000e-07	0.003133663599780166	0.0013903923459760376	0.39662273638010137	0.003133663599779657	0.0013903923459758244	0.39662273638003653
6.101000e-07	0.0023544888272221546	0.0005833343206088744	0.3940234372188743	0.002354488827221764	0.0005833343206087869	0.39402343721880906
6.151000e-07	0.0013150286292277452	0.00038728637876786894	0.39001434723051465	0.0013150286292275264	0.000387286378767812	0.3900143472304529
6.201000e-07	0.0003568663633467114	0.001027528290159621	0.3876588713719749	0.00035686636334666895	0.0010275282901594535	0.38765887137190913
6.251000e-07	-6.104014421607822e-05	0.0014440248878083515	0.38439329080107254	-6.104014421609353e-05	0.0014440248878081127	0.3843932908010087
6.301000e-07	0.0009203719845005345	0.00018890609812356886	0.38099492883717945	0.0009203719845003914	0.000188906098123549	0.3809949288371172
6.351000e-07	0.002105014165924127	0.0015889456494570975	0.37824688446139115	0.002105014165923782	0.0015889456494568397	0.37824688446132876
6.401000e-07	0.0023033936743305106	0.002083809555679999	0.37548758575449764	0.0023033936743301394	0.0020838095556796536	0.3754875857544383
6.451000e-07	0.0023099981260844586	0.0015983748986598853	0.3728706600677808	0.002309998126084089	0.0015983748986596062	0.3728706600677187
6.501000e-07	0.002109116825988623	0.0019437269716932554	0.3697720057003106	0.0021091168259882516	0.00194372697169295	0.36977200570025015
6.551000e-07	0.0017295876456407686	0.0017700234329466565	0.3677723521768134	0.0017295876456405114	0.0017700234329463581	0.36777235217675275
6.601000e-07	0.0017934026091472937	0.001298052497660563	0.3643923035093957	0.0017934026091470138	0.0012980524976603403	0.3643923035093372
6.651000e-07	0.0010955441241022599	0.0008602469793959897	0.3616757381753604	0.0010955441241020858	0.0008602469793958432	0.3616757381753006
6.701000e-07	0.0016039967050792364	0.0003397228111067163	0.35890608621610337	0.0016039967050789966	0.0003397228111066663	0.3589060862160462
6.751000e-07	0.0018647323182424199	2.7763881448661794e-05	0.35562455821940353	0.0018647323182421182	2.7763881448675383e-05	0.3556245582193468
6.801000e-07	0.00209994602583331	0.0006536437069967975	0.3529789511991354	0.002099946025832953	0.0006536437069966833	0.3529789511990756
6.851000e-07	0.0027667705400403796	0.0003732516940327854	0.3496637449245514	0.0027667705400399004	0.0003732516940327258	0.349663744924493
6.901000e-07	0.0012861792038182014	0.0011605055537524526	0.34750757961948664	0.0012861792038179887	0.001160505553752237	0.3475075796194293
6.951000e-07	0.0012068011662068135	0.001450880775515553	0.3446877622151192	0.0012068011662066179	0.0014508807755152973	0.3446877622150652
7.001000e-07	0.00039209122351123985	0.0013581708396413464	0.340649619298799	0.00039209122351118375	0.001358170839641112	0.3406496192987437
7.051000e-07	0.0004524431914491319	0.0019378388078490566	0.3381574726830992	0.0004524431914490582	0.0019378388078487548	0.33815747268304575
7.101000e-07	0.0007603992338238641	0.0017005339828884323	0.3361076255533924	0.0007603992338237224	0.0017005339828881558	0.3361076255533358
7.151000e-07	0.0016602802057388245	0.003247413687042769	0.3349817056790715	0.001660280205738566	0.003247413687042269	0.3349817056790182
7.201000e-07	0.0015167828713564026	0.003089036512022625	0.33250454815896446	0.001516782871356155	0.003089036512022104	0.33250454815891106
7.251000e-07	0.0019474590976149106	0.0031449892688172804	0.3299039858047553	0.0019474590976146008	0.003144989268816776	0.3299039858047003
7.301000e-07	0.0008455982511637699	0.0040930100949566695	0.32794906202020413	0.0008455982511636176	0.00409301009495602	0.3279490620201498
7.351000e-07	0.0017163282250248193	0.004690706937910123	0.32561381202165984	0.0017163282250245392	0.004690706937909379	0.32561381202160633
7.401000e-07	0.0015561318521219415	0.004677487522190239	0.32288812469166817	0.001556131852121661	0.004677487522189441	0.3228881246916135
7.451000e-07	0.00017485766605291613	0.004681929534445989	0.3195289157767606	0.00017485766605289515	0.004681929534445196	0.31952891577670767
7.501000e-07	-9.078886844002958e-05	0.004932711911369951	0.3172466340351846	-9.0788868439997e-05	0.004932711911369137	0.3172466340351306
7.551000e-07	0.0001815317102006239	0.0061898106579208806	0.31648805291210347	0.00018153171020059809	0.006189810657919886	0.3164880529120523
7.601000e-07	-0.0001988227646494124	0.005895353373343698	0.31447088413934576	-0.00019882276464936187	0.005895353373342752	0.3144708841392964
7.651000e-07	0.0006232989850395589	0.0046997607160538055	0.3118256990383948	0.000623298985039478	0.004699760716052997	0.311825699038346
7.701000e-07	0.00024575145981802773	0.00440865350140585	0.30988382780746104	0.0002457514598179873	0.0044086535014050895	0.3098838278074107
7.751000e-07	0.0005810118808052039	0.004584622640837781	0.3077770080954907	0.0005810118808051101	0.0045846226408370085	0.30777700809543873
7.801000e-07	0.00018987465811197557	0.004473839342003337	0.30509358338642817	0.00018987465811192542	0.004473839342002626	0.3050935833863792
7.851000e-07	-0.0002449070418464286	0.003305615966330007	0.3026815394826306	-0.00024490704184640556	0.003305615966329473	0.3026815394825791
7.901000e-07	-0.0012795576973743058	0.0027867346147717868	0.3004220357873288	-0.0012795576973740727	0.002786734614771319	0.3004220357872787
7.951000e-07	-0.001905517708707775	0.0028970140526575	0.29817939772856367	-0.0019055177087074942	0.0028970140526570222	0.2981793977285145
8.001000e-07	-0.0013702888002270755	0.0025853352744999556	0.295385346288483	-0.0013702888002268476	0.002585335274499544	0.2953853462884369
8.051000e-07	-0.0009399413212080946	0.0014590564602411965	0.29373326478670836	-0.0009399413212079188	0.0014590564602409682	0.2937332647866619
8.101000e-07	-0.0013252704670707934	0.0004729193648078269	0.29136522245468527	-0.001325270467070547	0.0004729193648077548	0.29136522245463714
8.151000e-07	-0.0007103000629189139	-2.203601730146506e-05	0.29069063086362146	-0.0007103000629187994	-2.2036017301467005e-05	0.2906906308635737
8.201000e-07	-0.0003136696012370185	-0.001384537563017581	0.2882603053980649	-0.00031366960123697436	-0.001384537563017354	0.28826030539801795
8.251000e-07	0.0001425985067362747	-0.0021525505382336487	0.2856601317048578	0.00014259850673625923	-0.0021525505382333117	0.28566013170481214
8.301000e-07	0.0011312765272220857	-0.0029718482903527163	0.2841689615284022	0.0011312765272218695	-0.002971848290352233	0.28416896152835613
8.351000e-07	0.001346094370623139	-0.003779262265058351	0.280824933542393	0.0013460943706229095	-0.003779262265057723	0.2808249335423465
8.401000e-07	0.002289064121660084	-0.004115100049734656	0.27858356127110345	0.0022890641216596974	-0.004115100049733992	0.278583561271058
8.451000e-07	0.002067053907777303	-0.00468028836011092	0.276501856799113	0.0020670539077769713	-0.004680288360110154	0.2765018567990668
8.501000e-07	0.0024013913912167843	-0.003908665513509007	0.2746629913458179	0.0024013913912164088	-0.003908665513508378	0.274662991345774
8.551000e-07	0.002177539002255496	-0.0037783917464820544	0.2728849101856492	0.002177539002255154	-0.003778391746481424	0.27288491018560357
8.601000e-07	0.001774062233982502	-0.0023703580890242298	0.2702268266201815	0.0017740622339822033	-0.002370358089023848	0.27022682662013825
8.651000e-07	0.0020525649926594913	-0.002729157822368863	0.26793979027423553	0.0020525649926591573	-0.0027291578223683946	0.2679397902741904
8.701000e-07	0.003193316343282303	-0.00322087899997471	0.26686105440936186	0.003193316343281782	-0.003220878999974182	0.26686105440931923
8.751000e-07	0.003744730036219594	-0.0029687982610314	0.26561559482457237	0.003744730036218974	-0.0029687982610309533	0.2656155948245285
8.801000e-07	0.0038558719613166095	-0.0023715202403310127	0.2634970200216395	0.003855871961316001	-0.0023715202403306133	0.2634970200215977
8.851000e-07	0.004101138504514445	-0.002224584973034712	0.26214737979223063	0.004101138504513786	-0.0022245849730343496	0.2621473797921877
8.901000e-07	0.0035944701128143228	-0.0019534795801627266	0.260621242327524	0.0035944701128137087	-0.0019534795801624113	0.26062124232748346
8.951000e-07	0.005214864914674609	-0.001905947762886209	0.259100314773695	0.0052148649146737305	-0.0019059477628859001	0.2591003147736528
9.001000e-07	0.005355943540875978	-0.0014016496848387502	0.25720790375738073	0.005355943540875088	-0.0014016496848385381	0.25720790375734
9.051000e-07	0.005328026506257692	-0.0008495356649435527	0.2551431284201774	0.00532802650625683	-0.0008495356649433987	0.25514312842013576
9.101000e-07	0.005892075082228828	-0.00036526877204744494	0.25513684028047084	0.005892075082227885	-0.00036526877204739647	0.25513684028043054
9.151000e-07	0.005305701316750736	1.2007222825820162e-05	0.25348206329815354	0.005305701316749865	1.2007222825821319e-05	0.2534820632981128
9.201000e-07	0.00586995913206564	0.0005318555032955979	0.25113235348226837	0.005869959132064678	0.0005318555032955128	0.25113235348222684
9.251000e-07	0.0052080713397368375	0.0008496301581195861	0.24890526016050332	0.005208071339735972	0.0008496301581194333	0.2489052601604628
9.301000e-07	0.0043432243859594395	0.0021843560896531683	0.24727446155342594	0.00434322438595873	0.002184356089652819	0.247274461553386
9.351000e-07	0.0049493126331359395	0.00349845889221136	0.2451989557305341	0.004949312633135113	0.0034984588922107656	0.24519895573049394
9.401000e-07	0.007187859516887148	0.004231044152763295	0.24368756109898082	0.007187859516886007	0.004231044152762609	0.24368756109894105
9.451000e-07	0.006880199417094372	0.005140995668432191	0.24239047239316025	0.006880199417093237	0.005140995668431348	0.24239047239312206
9.501000e-07	0.007059114926678026	0.004929883746639238	0.24141985978960148	0.0070591149266768915	0.004929883746638483	0.24141985978956246
9.551000e-07	0.008381385527022701	0.005153367518884769	0.23978301629657817	0.00838138552702133	0.005153367518883879	0.23978301629653984
9.601000e-07	0.00811756982566897	0.004660241034258081	0.2373401954280531	0.00811756982566763	0.004660241034257269	0.23734019542801477
9.651000e-07	0.008745030668932882	0.004526020609681547	0.23684913558114754	0.00874503066893148	0.004526020609680791	0.23684913558110685
9.701000e-07	0.008882150889958577	0.004055092290150133	0.23482658786354468	0.008882150889957125	0.0040550922901494615	0.2348265878635059
9.751000e-07	0.007979289653705061	0.0038875917915580606	0.23203398409169457	0.007979289653703762	0.003887591791557441	0.2320339840916557
9.801000e-07	0.007019607931078074	0.002820434211974175	0.2299203433390322	0.007019607931076879	0.0028204342119737408	0.22992034333899342
9.851000e-07	0.00692273125397368	0.002848988781626255	0.22809460305684665	0.006922731253972578	0.002848988781625825	0.22809460305680923
9.901000e-07	0.008300006084823343	0.0035196977287949437	0.2269716932183902	0.008300006084821928	0.003519697728794349	0.2269716932183527
9.951000e-07	0.008905585901901282	0.0033497492421761493	0.22574268685525156	0.008905585901899783	0.0033497492421756194	0.22574268685521656
1.000100e-06	0.007918846343038901	0.0029637967552663654	0.2237393251917846	0.007918846343037626	0.002963796755265871	0.22373932519174747
1.005100e-06	0.007619360383357228	0.002804659154905349	0.2216778648763495	0.007619360383356006	0.002804659154904885	0.2216778648763138
1.010100e-06	0.007958740530155292	0.0023114765826901277	0.22050337176369553	0.007958740530154001	0.0023114765826897535	0.2205033717636597
1.015100e-06	0.007885957075917348	0.0028015831179282412	0.21922582890495626	0.007885957075916066	0.002801583117927773	0.2192258289049216
1.020100e-06	0.007683218265559189	0.0021943343084476156	0.21716345721041824	0.007683218265557929	0.002194334308447268	0.21716345721038352
1.025100e-06	0.007810996258765213	0.0017862371857524843	0.2161209656141646	0.007810996258763909	0.001786237185752194	0.21612096561412925
1.030100e-06	0.007868938386217186	0.00235910673104274	0.21346961905856882	0.007868938386215886	0.002359106731042365	0.21346961905853437
1.035100e-06	0.007313575639945224	0.002839607890465053	0.2130727725057704	0.007313575639944003	0.0028396078904646	0.2130727725057351
1.040100e-06	0.007916244497950774	0.0025749903119596696	0.21153695518963256	0.007916244497949414	0.002574990311959245	0.21153695518959872
1.045100e-06	0.005725446385662074	0.002110668944447219	0.20944614604966377	0.005725446385661169	0.0021106689444468675	0.20944614604963113
1.050100e-06	0.004964750163961094	0.002675401714902928	0.20754952569560006	0.004964750163960269	0.0026754017149024714	0.20754952569556717
1.055100e-06	0.00368042204512577	0.00216769871110466	0.2054553524176716	0.0036804220451251562	0.0021676987111043274	0.20545535241763652
1.060100e-06	0.0028895985489786006	0.0007965430671000474	0.20484808031996612	0.002889598548978148	0.0007965430670998936	0.20484808031993207
1.065100e-06	0.0030467229109811212	-0.0003580806374035228	0.202559462445521	0.003046722910980625	-0.00035808063740347135	0.20255946244548845
1.070100e-06	0.0025062941028076613	-0.0006953517797164191	0.1997543605387913	0.0025062941028072554	-0.0006953517797163123	0.19975436053875853
1.075100e-06	0.002403826095276187	-0.000861844277489369	0.19847666092267022	0.0024038260952757738	-0.000861844277489225	0.19847666092263655
1.080100e-06	0.002464815898055634	-0.0011318841530422714	0.19616888882960345	0.0024648158980552183	-0.001131884153042081	0.19616888882957034
1.085100e-06	0.0023940936481298514	8.317960712003083e-05	0.19487931168690692	0.00239409364812945	8.317960712002137e-05	0.19487931168687464
1.090100e-06	0.0027937750637861184	-0.000719761183636386	0.19356391606611403	0.0027937750637856843	-0.0007197611836362686	0.1935639160660836
1.095100e-06	0.0036290451593891547	-0.0003242311049082298	0.19128428808249495	0.003629045159388598	-0.00032423110490818714	0.19128428808246373
1.100100e-06	0.00375935525311595	3.557142472179405e-05	0.1895251861187218	0.0037593552531153458	3.557142472177909e-05	0.18952518611869124
1.105100e-06	0.003321271931509983	-0.0004514522689768741	0.18722474016592028	0.0033212719315094475	-0.0004514522689767955	0.18722474016589077
1.110100e-06	0.0023452003070050355	-0.0009000603637157608	0.18634045925905313	0.0023452003070046712	-0.0009000603637156274	0.18634045925902037
1.115100e-06	0.002548448625007595	-0.002128832039592408	0.18496732656016474	0.0025484486250071875	-0.0021288320395920542	0.18496732656013512
1.120100e-06	0.00173461907711249	-0.0007638794022724682	0.18242984704031678	0.0017346190771121998	-0.0007638794022723416	0.18242984704028634
1.125100e-06	0.0004399234527944908	-0.001462853692730007	0.1825897424777495	0.00043992345279442744	-0.0014628536927297853	0.18258974247772078
1.130100e-06	-3.6535296733686764e-05	-0.0018481287555858828	0.1814979993704355	-3.653529673368208e-05	-0.0018481287555855929	0.18149799937040623
1.135100e-06	-2.7353381716788824e-05	-0.0013120939683357255	0.1807010398023688	-2.7353381716783088e-05	-0.0013120939683355193	0.18070103980233887
1.140100e-06	0.0002170432725585554	-0.0006900659500242114	0.17863846857109414	0.0002170432725585064	-0.0006900659500240902	0.1786384685710644
1.145100e-06	-0.00041243067608264254	-0.0006725323625553742	0.1773678662713296	-0.00041243067608256816	-0.0006725323625552688	0.17736786627130097
1.150100e-06	-0.0009001485294906135	0.00047917231144787485	0.17548207552799908	-0.0009001485294904647	0.0004791723114478121	0.17548207552797043
1.155100e-06	-0.0024490333596036773	0.0009545879139217058	0.17296130586739406	-0.0024490333596032996	0.000954587913921542	0.17296130586736636
1.160100e-06	-0.0020699005961008483	0.0004888595136427037	0.1716143318042223	-0.0020699005961005044	0.0004888595136426173	0.17161433180419305
1.165100e-06	-0.0016993592305101731	0.0017328303911498901	0.17166519444107733	-0.001699359230509878	0.001732830391149611	0.17166519444105013
1.170100e-06	-0.0017358880704533535	0.0011399078827345965	0.17135225902424533	-0.0017358880704530589	0.00113990788273441	0.17135225902421766
1.175100e-06	-0.002403426584425261	0.001323855812749607	0.17093229448429784	-0.0024034265844249166	0.0013238558127493982	0.17093229448427016
1.180100e-06	-0.0008405073753323511	0.0020142361691748347	0.16863188715017108	-0.0008405073753322052	0.002014236169174508	0.16863188715014357
1.185100e-06	-0.0007885538193807191	0.0027711921066437845	0.16772894784366232	-0.0007885538193805922	0.0027711921066433266	0.16772894784363562
1.190100e-06	-0.002273588554568892	0.0027212035280547585	0.1660042238766627	-0.0022735885545685213	0.002721203528054336	0.1660042238766352
1.195100e-06	-0.0015062250152126557	0.003254686152675087	0.16527345123863202	-0.0015062250152124159	0.003254686152674542	0.16527345123860446
1.200100e-06	-0.0022377324117589734	0.0037352452420067106	0.16486845228048774	-0.002237732411758602	0.0037352452420060887	0.16486845228046024
1.205100e-06	-0.0027723114147024165	0.004567611481926399	0.16273950267672707	-0.0027723114147019294	0.0045676114819256375	0.16273950267670154
1.210100e-06	-0.0033896783605777353	0.0052571153174814245	0.160454573004682	-0.0033896783605771737	0.005257115317480569	0.1604545730046558
1.215100e-06	-0.0020386236192565903	0.006109942195319136	0.1606917890737925	-0.002038623619256281	0.00610994219531815	0.16069178907376624
1.220100e-06	-0.002255596676779186	0.005473966864693541	0.15853583063598642	-0.0022555966767788048	0.005473966864692647	0.15853583063596036
1.225100e-06	-0.0027252348294110776	0.005903023786495619	0.15712308762900964	-0.0027252348294106443	0.0059030237864946475	0.15712308762898314
1.230100e-06	-0.0029624226763372923	0.005203956186075996	0.15626777981045853	-0.0029624226763367845	0.0052039561860751475	0.15626777981043335
1.235100e-06	-0.003429008647515282	0.004289885448092504	0.15427528971386686	-0.003429008647514695	0.004289885448091817	0.15427528971384122
1.240100e-06	-0.003873542990851505	0.0050930322701219985	0.1539898906856682	-0.0038735429908508573	0.005093032270121159	0.1539898906856437
1.245100e-06	-0.0031649915121680664	0.004919782661674799	0.15247303749177624	-0.003164991512167569	0.004919782661673999	0.15247303749175137
1.250100e-06	-0.0021638202781305424	0.004607818186293602	0.1520630977842657	-0.002163820278130215	0.004607818186292864	0.15206309778424038
1.255100e-06	-0.003161958530291487	0.0030066608307278355	0.1511090341644407	-0.0031619585302909573	0.0030066608307273432	0.1511090341644164
1.260100e-06	-0.002383980487726005	0.003065763413217201	0.14953826012350055	-0.0023839804877256415	0.003065763413216709	0.14953826012347488
1.265100e-06	-0.0024254321829518415	0.00332662539930357	0.14941317459375467	-0.002425432182951469	0.0033266253993030144	0.14941317459373082
1.270100e-06	-0.0031729783588410236	0.0035726597599453733	0.14799181531724467	-0.0031729783588404846	0.0035726597599447987	0.14799181531722083
1.275100e-06	-0.003325125947557782	0.003030639233759656	0.14829352225268772	-0.003325125947557218	0.003030639233759175	0.14829352225266274
1.280100e-06	-0.002339964406615097	0.003107934032730024	0.14646821123292722	-0.002339964406614741	0.003107934032729519	0.1464682112329035
1.285100e-06	-0.0021826838867111094	0.0032575391353547607	0.14487429378000377	-0.0021826838867107477	0.003257539135354209	0.14487429377997996
1.290100e-06	-0.0038823990214219666	0.0032284804540489717	0.1445081677073662	-0.0038823990214213303	0.0032284804540484487	0.14450816770734332
1.295100e-06	-0.004604065709378388	0.002648476888354372	0.14333787126341294	-0.0046040657093776045	0.0026484768883539645	0.14333787126338865
1.300100e-06	-0.005027162486395311	0.003214759996841836	0.14207574571314485	-0.005027162486394463	0.0032147599968413206	0.14207574571312157
1.305100e-06	-0.006005245718161181	0.003795174174205081	0.14188129366804428	-0.00600524571816019	0.003795174174204468	0.1418812936680213
1.310100e-06	-0.004791583254798378	0.0034796245520651347	0.1407301195846776	-0.0047915832547975965	0.003479624552064563	0.140730119584654
1.315100e-06	-0.004547365458915687	0.003876863099754381	0.13945729112839683	-0.004547365458914953	0.0038768630997537325	0.1394572911283742
1.320100e-06	-0.004649604051326567	0.0031892314465946474	0.13724440607410834	-0.004649604051325831	0.003189231446594136	0.1372444060740857
1.325100e-06	-0.004363008002107603	0.0017755802985354489	0.13640393168529888	-0.004363008002106927	0.0017755802985351665	0.13640393168527645
1.330100e-06	-0.004699254451222373	0.0014559413630476847	0.13529743995293372	-0.0046992544512215895	0.0014559413630474223	0.1352974399529114
1.335100e-06	-0.0045255218208574	0.0035591551391233934	0.13396074846984907	-0.004525521820856614	0.0035591551391227997	0.1339607484698277
1.340100e-06	-0.005326211096843026	0.0031473433377107447	0.13251958324672464	-0.005326211096842148	0.0031473433377102195	0.13251958324670357
1.345100e-06	-0.006152971270387485	0.00372886066408039	0.1319769833667414	-0.006152971270386501	0.003728860664079774	0.1319769833667198
1.350100e-06	-0.005670468636411079	0.0025598296519657557	0.13055919238871216	-0.005670468636410189	0.0025598296519653203	0.13055919238869146
1.355100e-06	-0.00534179891378868	0.001004726035407339	0.12899868949107646	-0.005341798913787777	0.0010047260354071753	0.12899868949105475
1.360100e-06	-0.005802182824908415	0.002260625617799579	0.12719577203541144	-0.005802182824907435	0.002260625617799207	0.12719577203539004
1.365100e-06	-0.006386461206873681	0.0028622385183918343	0.12605739699808513	-0.006386461206872585	0.002862238518391349	0.1260573969980646
1.370100e-06	-0.0059749327700382125	0.0033675791571453834	0.12463496976453918	-0.005974932770037281	0.003367579157144831	0.12463496976451925
1.375100e-06	-0.0059851101526455855	0.003739727569000278	0.12371416633429809	-0.005985110152644614	0.0037397275689996777	0.12371416633427755
1.380100e-06	-0.005774244434697714	0.0029158586738756323	0.1231084820887836	-0.005774244434696737	0.0029158586738751366	0.12310848208876317
1.385100e-06	-0.00639679862608553	0.0028892380600846457	0.12251159904370273	-0.0063967986260845	0.002889238060084189	0.12251159904368283
1.390100e-06	-0.0060864518079320525	0.00342517921977864	0.12129899615002926	-0.006086451807931054	0.0034251792197780846	0.12129899615000916
1.395100e-06	-0.006647717696080591	0.005481367302831684	0.1199058916602185	-0.0066477176960794936	0.005481367302830776	0.11990589166019876
1.400100e-06	-0.005959207878250931	0.004543204608857034	0.11903692693522853	-0.005959207878249978	0.0045432046088563225	0.11903692693520941
1.405100e-06	-0.004577874606451668	0.004112984321496293	0.11728105875372034	-0.004577874606450917	0.004112984321495602	0.11728105875370136
1.410100e-06	-0.004748304955125755	0.004131212430826981	0.11618864204615732	-0.004748304955125001	0.00413121243082632	0.11618864204613806
1.415100e-06	-0.004796445437711726	0.0033406697702047547	0.11563494710888869	-0.004796445437710965	0.0033406697702042113	0.11563494710886901
1.420100e-06	-0.005224857406189208	0.00305772805077744	0.11400845769951308	-0.005224857406188349	0.0030577280507769426	0.11400845769949482
1.425100e-06	-0.004988457569165982	0.002848797926878719	0.1137955560504763	-0.004988457569165241	0.0028487979268782865	0.11379555605045792
1.430100e-06	-0.0029135744608520184	0.0033993939087503156	0.11299805848408084	-0.002913574460851524	0.003399393908749781	0.1129980584840632
1.435100e-06	-0.005062348236121748	0.003068803330536515	0.11068256726446962	-0.00506234823612089	0.0030688033305360136	0.11068256726445128
1.440100e-06	-0.005301776663625789	0.0034747474164835614	0.11044571582040805	-0.005301776663624892	0.0034747474164829933	0.11044571582039
1.445100e-06	-0.004826522988694327	0.003042581817485802	0.11038365322824106	-0.004826522988693552	0.0030425818174853055	0.11038365322822324
1.450100e-06	-0.004433613960920075	0.0019298924558354396	0.10968131548870218	-0.004433613960919407	0.0019298924558351143	0.10968131548868437
1.455100e-06	-0.003532198685104072	0.001966082778109877	0.10855896111976918	-0.00353219868510352	0.001966082778109577	0.10855896111975183
1.460100e-06	-0.0028872144443061317	0.0009647459347003466	0.10837050758291886	-0.002887214444305631	0.0009647459347002052	0.10837050758290137
1.465100e-06	-0.002289379966721955	0.0008532513683733197	0.10647409268125563	-0.002289379966721554	0.0008532513683731639	0.10647409268123893
1.470100e-06	-0.0020950191609902745	0.001423723022924094	0.10529016048217718	-0.0020950191609899406	0.0014237230229238753	0.10529016048216
1.475100e-06	-0.0025828340648484807	0.002252087351930258	0.10413789503484237	-0.0025828340648480475	0.002252087351929911	0.10413789503482562
1.480100e-06	-0.003648850836458309	0.0014219295472304768	0.10330781333618032	-0.003648850836457654	0.001421929547230264	0.10330781333616305
1.485100e-06	-0.00390793872738803	0.0019485478656088599	0.10313473282603251	-0.003907938727387372	0.0019485478656085446	0.10313473282601601
1.490100e-06	-0.0037191471786476205	0.0022674094634909767	0.1022600943834918	-0.003719147178647059	0.0022674094634906094	0.10226009438347494
1.495100e-06	-0.004119967073586116	0.0026655597854357174	0.10143027637015177	-0.0041199670735854056	0.0026655597854352915	0.10143027637013531
1.500100e-06	-0.004473467959888072	0.0019046419053540724	0.0990727764378653	-0.004473467959887276	0.001904641905353749	0.09907277643784904
1.505100e-06	-0.002419737316218304	0.0014655362202303703	0.09845646393687466	-0.0024197373162179576	0.0014655362202301383	0.09845646393685814
1.510100e-06	-0.0019348766227891378	0.001444771752165694	0.09881116461676032	-0.0019348766227888345	0.0014447717521654366	0.09881116461674487
1.515100e-06	0.0001120354924043121	0.001173341677022547	0.0977901425280899	0.00011203549240428601	0.001173341677022353	0.09779014252807426
1.520100e-06	-0.00029531848636104213	0.0013237301750195444	0.09711201098916926	-0.0002953184863609855	0.0013237301750193419	0.09711201098915395
1.525100e-06	-0.00033057990219842215	0.0012761674093720872	0.09635647525475959	-0.0003305799021983802	0.0012761674093718827	0.09635647525474339
1.530100e-06	-0.00019766464994708453	0.0020626241455816404	0.09548667804603579	-0.00019766464994704812	0.0020626241455813164	0.09548667804602078
1.535100e-06	0.0003768864275616826	0.002480870414669525	0.09510843029378677	0.0003768864275616497	0.00248087041466912	0.09510843029377158
1.540100e-06	0.0003495341675936722	0.0017766769113225253	0.09598876487369544	0.0003495341675935726	0.0017766769113222395	0.0959887648736795
1.545100e-06	0.0002570828424445058	0.0019704291708358885	0.09455331699135917	0.0002570828424444701	0.001970429170835572	0.0945533169913436
1.550100e-06	0.0006631203197687759	0.002953563009137415	0.09386065850308223	0.0006631203197686701	0.002953563009136912	0.09386065850306703
1.555100e-06	-0.000546923708957697	0.00270343936078693	0.09334764931827787	-0.0005469237089575837	0.0027034393607864794	0.09334764931826219
1.560100e-06	0.0001309177991647312	0.002769976561448185	0.09122528285956322	0.00013091779916472434	0.002769976561447721	0.09122528285954855
1.565100e-06	-4.943315612300593e-05	0.0018958206315656716	0.09056504751622446	-4.943315612297819e-05	0.0018958206315653607	0.09056504751620942
1.570100e-06	-0.0002773328815923777	0.0022994929233915756	0.08904375747947794	-0.000277332881592339	0.0022994929233912053	0.08904375747946383
1.575100e-06	-0.00046811851271273073	0.0025568697640354957	0.08855630686397653	-0.0004681185127126129	0.002556869764035076	0.08855630686396193
1.580100e-06	-0.00026949151720393296	0.002795251829933662	0.0889029644829798	-0.0002694915172038615	0.002795251829933191	0.08890296448296549
1.585100e-06	3.921449869263067e-05	0.0030793214113376656	0.08779500251992303	3.921449869263658e-05	0.0030793214113371656	0.08779500251990874
1.590100e-06	0.001490547038873081	0.003510422737756037	0.08609896247000941	0.0014905470388728295	0.0035104227377554475	0.08609896246999521
1.595100e-06	0.0010880416012825978	0.004107978021485705	0.08520183829498998	0.0010880416012824517	0.004107978021485021	0.08520183829497634
1.600100e-06	0.001472067425674675	0.005137054147829572	0.08465214898656265	0.001472067425674458	0.005137054147828736	0.08465214898654813
1.605100e-06	0.000236254245811375	0.005539291667126111	0.08456529125583864	0.00023625424581131787	0.005539291667125182	0.08456529125582399
1.610100e-06	0.0008066939872775741	0.005045225408293117	0.08234103940007749	0.0008066939872774371	0.005045225408292256	0.08234103940006442
1.615100e-06	0.001002117651522158	0.00465562247666514	0.0805425586935313	0.0010021176515220222	0.0046556224766644005	0.0805425586935187
1.620100e-06	0.0012942865461635748	0.006773388663740594	0.08083586102783119	0.0012942865461633315	0.006773388663739499	0.0808358610278179
1.625100e-06	0.0029267303251512594	0.006764638093059056	0.07967685282056439	0.0029267303251507837	0.0067646380930579866	0.07967685282055158
1.630100e-06	0.005228903605110917	0.006127166819465399	0.0795709077372677	0.005228903605110041	0.006127166819464381	0.07957090773725481
1.635100e-06	0.0056262633308596655	0.006643119980062871	0.07856205323718884	0.005626263330858757	0.006643119980061779	0.078562053237176
1.640100e-06	0.005886648946232768	0.006467319586510621	0.07837788720875292	0.0058866489462318	0.006467319586509582	0.07837788720873974
1.645100e-06	0.006680456236039679	0.006160979455088775	0.07845142219451656	0.00668045623603857	0.006160979455087768	0.07845142219450378
1.650100e-06	0.006845262550673722	0.006081087826990557	0.07662759206440296	0.006845262550672645	0.006081087826989592	0.07662759206439043
1.655100e-06	0.006043281045511173	0.007910887678614285	0.07518343546412853	0.006043281045510181	0.007910887678612939	0.07518343546411653
1.660100e-06	0.006022635420598256	0.007669295267538968	0.07418107921371646	0.006022635420597253	0.007669295267537661	0.07418107921370451
1.665100e-06	0.006449629063377266	0.006299854517373183	0.07373905833139138	0.006449629063376243	0.006299854517372153	0.07373905833137977
1.670100e-06	0.005358112938703873	0.006084144225943513	0.07232381973665715	0.005358112938702985	0.00608414422594249	0.0723238197366455
1.675100e-06	0.0049045236072047076	0.0062893035422632295	0.0713541766090923	0.004904523607203905	0.0062893035422622095	0.07135417660908097
1.680100e-06	0.004838533452720262	0.0060104526182264756	0.07035263785483277	0.004838533452719454	0.006010452618225476	0.07035263785482129
1.685100e-06	0.004673267389365307	0.006413839952173235	0.06953697319833264	0.004673267389364516	0.006413839952172173	0.06953697319832076
1.690100e-06	0.004773034976371264	0.005569104116595989	0.06689681097667474	0.004773034976370477	0.0055691041165950965	0.0668968109766637
1.695100e-06	0.004153980888006623	0.006380979388464575	0.06581135250931051	0.004153980888005941	0.006380979388463521	0.06581135250929933
1.700100e-06	0.004197696795493227	0.005432252739251751	0.06461334341535865	0.004197696795492529	0.005432252739250891	0.06461334341534807
1.705100e-06	0.003893414717942689	0.00540944730905148	0.06465781069152325	0.003893414717942063	0.0054094473090506206	0.06465781069151276
1.710100e-06	0.003437646817311767	0.005704120035976483	0.0640676207264518	0.003437646817311215	0.005704120035975578	0.06406762072644127
1.715100e-06	0.003787011781193372	0.006586295679186867	0.06313599445034304	0.003787011781192758	0.006586295679185789	0.06313599445033269
1.720100e-06	0.00396365243326555	0.006032085353429465	0.06310295644308586	0.003963652433264898	0.006032085353428501	0.0631029564430755
1.725100e-06	0.0037619873117764207	0.004863443061970897	0.06291606476586713	0.0037619873117758105	0.0048634430619701	0.06291606476585665
1.730100e-06	0.003868343491631541	0.00486334688831879	0.06152667053833883	0.0038683434916309068	0.004863346888318018	0.0615266705383287
1.735100e-06	0.0035380196373903283	0.0036719468963332218	0.06164500722799944	0.0035380196373897515	0.0036719468963326194	0.061645007227989
1.740100e-06	0.00378776226621257	0.003297468205384465	0.06177791429947845	0.003787762266211955	0.003297468205383916	0.06177791429946812
1.745100e-06	0.002638765376661044	0.0027392912601436202	0.0625879895861629	0.0026387653766606154	0.0027392912601431805	0.06258798958615266
1.750100e-06	0.0024245183885004845	0.003513825111542866	0.06273051395166009	0.0024245183885000855	0.0035138251115422897	0.06273051395165005
1.755100e-06	0.0016090674060113992	0.00344729718978882	0.06265444359647308	0.001609067406011118	0.003447297189788254	0.06265444359646291
1.760100e-06	0.0010365568053385772	0.0033381545448650475	0.06250535493634117	0.00103655680533841	0.003338154544864498	0.06250535493633079
1.765100e-06	0.00011265802311177933	0.0028453033252674705	0.06237053459676134	0.0001126580231117786	0.00284530332526701	0.062370534596751306
1.770100e-06	0.0006291706830234536	0.0031045661548033477	0.06092043942116277	0.0006291706830233537	0.0031045661548028433	0.060920439421152765
1.775100e-06	0.00034992209328186196	0.003220231815399373	0.06067332619431018	0.00034992209328179983	0.003220231815398851	0.06067332619430024
1.780100e-06	-0.0002722066753977046	0.0033163725371238065	0.061055752669612676	-0.000272206675397664	0.0033163725371232675	0.06105575266960292
1.785100e-06	-0.0006538842697769326	0.0042996899623417165	0.060139246338034885	-0.0006538842697768037	0.004299689962341019	0.06013924633802482
1.790100e-06	-0.0011365309113541555	0.003751278987191018	0.060876998420515874	-0.001136530911353962	0.0037512789871903944	0.060876998420506055
1.795100e-06	-0.0016741198504364794	0.003729483764517165	0.06004343349334291	-0.0016741198504361913	0.0037294837645165716	0.06004343349333299
1.800100e-06	-0.0015493762648449043	0.003930579901744943	0.060306918396424644	-0.0015493762648446452	0.003930579901744288	0.060306918396414624
1.805100e-06	-0.0018061668637059838	0.005055511917470748	0.05990361943277691	-0.0018061668637056885	0.00505551191746992	0.0599036194327668
1.810100e-06	-0.0008658167142597352	0.005600426009801454	0.05902376152426836	-0.0008658167142595877	0.005600426009800534	0.05902376152425818
1.815100e-06	-0.0013362757705951847	0.006066655954951778	0.05884557524301088	-0.0013362757705949854	0.006066655954950791	0.05884557524300109
1.820100e-06	-0.001072533342194564	0.005541942289766033	0.05709299388022268	-0.0010725333421943955	0.005541942289765132	0.05709299388021366
1.825100e-06	-0.0018401655610730016	0.007012997486188921	0.05719505785084858	-0.001840165561072704	0.007012997486187755	0.05719505785083924
1.830100e-06	-0.00235963830545407	0.00722682138509444	0.05705977027492414	-0.002359638305453685	0.0072268213850932355	0.05705977027491455
1.835100e-06	-0.0018236990842860287	0.0068893732882458715	0.056637276688105545	-0.0018236990842857297	0.0068893732882447664	0.05663727668809591
1.840100e-06	-0.0014672456541302917	0.007828358576756215	0.055615960784416614	-0.0014672456541300616	0.007828358576754891	0.05561596078440728
1.845100e-06	-0.0021944896938966415	0.008506687698210863	0.05569874252046836	-0.002194489693896277	0.008506687698209489	0.05569874252045932
1.850100e-06	-0.0014981736593107867	0.00845101131637862	0.05517612105165506	-0.0014981736593105322	0.00845101131637723	0.05517612105164575
1.855100e-06	-0.0019247805830025725	0.007696812653392425	0.05493871468254031	-0.00192478058300225	0.0076968126533911475	0.054938714682531344
1.860100e-06	-0.0014749425824654384	0.007572240242700586	0.05528767374033207	-0.0014749425824651691	0.007572240242699348	0.05528767374032289
1.865100e-06	-0.0015673569008404205	0.008028125703588367	0.05499583672674515	-0.001567356900840164	0.008028125703587026	0.05499583672673607
1.870100e-06	-0.0012096098296994762	0.007754958851726473	0.05497922710212549	-0.0012096098296992485	0.007754958851725161	0.05497922710211639
1.875100e-06	-0.001653017260236023	0.006407385665952143	0.05494761703948727	-0.0016530172602357202	0.006407385665951086	0.05494761703947836
1.880100e-06	-0.0027919900249456517	0.00668789585960601	0.0545120507810414	-0.0027919900249451803	0.006687895859604923	0.05451205078103245
1.885100e-06	-0.0016151820437375589	0.007216608459376055	0.05530801541386017	-0.0016151820437373097	0.007216608459374854	0.05530801541385129
1.890100e-06	-0.0008072059218605114	0.006468543073283727	0.05530566735273658	-0.0008072059218603844	0.0064685430732827	0.05530566735272771
1.895100e-06	0.00036602564674635885	0.007336229062106334	0.055810387223316334	0.0003660256467462918	0.007336229062105122	0.05581038722330686
1.900100e-06	0.0005231013452133113	0.007727832436592866	0.05456512642698103	0.0005231013452132253	0.007727832436591638	0.05456512642697178
1.905100e-06	0.00108182785194824	0.007043943204221224	0.05379768978368565	0.001081827851948068	0.00704394320422008	0.05379768978367679
1.910100e-06	0.001114995234245741	0.006131269471435445	0.05247426256701115	0.0011149952342455651	0.0061312694714344565	0.05247426256700269
1.915100e-06	-4.790170569125808e-05	0.006035757167208607	0.05287058751914793	-4.790170569125221e-05	0.006035757167207658	0.052870587519139145
1.920100e-06	-0.0009251199176946671	0.007126265770800228	0.052482392510321524	-0.0009251199176945131	0.007126265770799066	0.052482392510313086
1.925100e-06	-0.0006703979406812618	0.006964307807585568	0.05182576440476871	-0.0006703979406811359	0.006964307807584439	0.05182576440475996
1.930100e-06	0.0002371867951617343	0.0062988190960621025	0.05038708130868293	0.00023718679516170212	0.006298819096061083	0.050387081308674565
1.935100e-06	0.0010880553441841988	0.0073397239626561035	0.04985985075134614	0.001088055344184015	0.007339723962654904	0.04985985075133832
1.940100e-06	0.001968922339845176	0.006961901178242449	0.04913880069120762	0.001968922339844827	0.006961901178241252	0.04913880069119994
1.945100e-06	0.001515052200009252	0.007411430851171571	0.049527865070017885	0.001515052200008995	0.007411430851170346	0.049527865070009544
1.950100e-06	0.0021885814230083508	0.007603059590645571	0.04788454973551796	0.0021885814230079926	0.007603059590644321	0.047884549735510054
1.955100e-06	0.002318151359522022	0.00851749998987697	0.04793989714771639	0.0023181513595216395	0.008517499989875506	0.0479398971477085
1.960100e-06	0.0027167714206036662	0.009359553854834283	0.04679977013351321	0.0027167714206031888	0.009359553854832779	0.04679977013350524
1.965100e-06	0.002193052625412503	0.009605161984454002	0.04601677084995458	0.0021930526254121457	0.009605161984452432	0.04601677084994712
1.965100e-06	0.002193052625412503	0.009605161984454002	0.04601677084995458	0.0021930526254121457	0.009605161984452432	0.04601677084994712
1.965986e-06	0.0025464518483403918	0.009650013031864055	0.04612254773306394	0.0025464518483399937	0.009650013031862522	0.04612254773305631
