#t	<mx>	<my>	<mz>	B_ext_x	B_ext_y	<B_ext_z
0	0	1	0	0.001	0	0
1.0099999999999994e-10	0.001762696930214994	0.9998430953698856	0.017626047189636375	0.001	0	0
2.0199999999999959e-10	0.0035317957770959986	0.9993701476609589	0.035310542024137505	0.001	0	0
3.0299999999999926e-10	0.00530730855691809	0.9985778639105919	0.0530479233632422	0.001	0	0
4.039999999999989e-10	0.007089247085146416	0.9974630310466115	0.0708325084437218	0.001	0	0
5.049999999999986e-10	0.008877622972306428	0.9960225195168333	0.08865849308763693	0.001	0	0
6.059999999999982e-10	0.010672447619810923	0.9942532869678211	0.1065199519973836	0.001	0	0
7.069999999999979e-10	0.01247373221574385	0.9921523819715851	0.12441083914022003	0.001	0	0
8.079999999999975e-10	0.014281487730601146	0.9897169477988427	0.14232498822498513	0.001	0	0
9.089999999999972e-10	0.01609572491298849	0.9869442262373676	0.1602561132737323	0.001	0	0
1.010000000000005e-09	0.017916454285275954	0.9838315614538503	0.17819780929102272	0.001	0	0
1.111000000000015e-09	0.019743686139209845	0.980376403897596	0.1961435530336281	0.001	0	0
1.2120000000000252e-09	0.021577430531481732	0.9765763142442763	0.21408670388340162	0.001	0	0
1.3130000000000353e-09	0.023417697279255082	0.9724289673778491	0.2320205048260891	0.001	0	0
1.4140000000000454e-09	0.025264495955648773	0.9679321564086459	0.2499380835388439	0.001	0	0
1.5150000000000555e-09	0.027117835885179093	0.9630837967255186	0.2678324535892223	0.001	0	0
1.6160000000000656e-09	0.02897772613915866	0.9578819300798227	0.28569651574842336	0.001	0	0
1.7170000000000757e-09	0.03084417553105405	0.952324728698894	0.30352305942153934	0.001	0	0
1.8180000000000857e-09	0.03271719261180134	0.946410499426561	0.3213047641975615	0.001	0	0
1.919000000000084e-09	0.03459678566508	0.9401376878881107	0.3390342015218908	0.001	0	0
2.0200000000000733e-09	0.03648296270254585	0.933504882677004	0.3567038364940698	0.001	0	0
2.1210000000000625e-09	0.03837573145902268	0.9265108195605131	0.37430602979343475	0.001	0	0
2.2220000000000517e-09	0.04027509938765325	0.9191543857013198	0.3918330397353729	0.001	0	0
2.323000000000041e-09	0.042181073655010226	0.9114346238919864	0.4092770244608359	0.001	0	0
2.42400000000003e-09	0.044093661136166286	0.9033507367990874	0.4266300442617077	0.001	0	0
2.5250000000000193e-09	0.04601286840972539	0.894902091213641	0.44388406404462666	0.001	0	0
2.6260000000000085e-09	0.04793870175281387	0.8860882223043585	0.4610309559357806	0.001	0	0
2.7269999999999977e-09	0.04987116713603335	0.876908837870084	0.4780625020291772	0.001	0	0
2.827999999999987e-09	0.05181027021837485	0.8673638225876621	0.4949703972808118	0.001	0	0
2.928999999999976e-09	0.05375601634209491	0.857453242251332	0.5117462525511257	0.001	0	0
3.0299999999999653e-09	0.055708410527553834	0.8471773479996025	0.5283815977980593	0.001	0	0
3.1309999999999545e-09	0.057667457468017366	0.8365365805254219	0.5448678854229592	0.001	0	0
3.2319999999999438e-09	0.05963316152442166	0.8255315742653133	0.5611964937715068	0.001	0	0
3.332999999999933e-09	0.061605526720102013	0.8141631615630004	0.5773587307917698	0.001	0	0
3.433999999999922e-09	0.06358455673548662	0.8024323768029071	0.5933458378513796	0.001	0	0
3.5349999999999114e-09	0.06557025490275539	0.7903404605087643	0.6091489937157621	0.001	0	0
3.6359999999999006e-09	0.06756262420046433	0.7778888634024117	0.6247593186892366	0.001	0	0
3.736999999999895e-09	0.06956166724813717	0.7650792504177475	0.6401678789206975	0.001	0	0
3.837999999999926e-09	0.071567386300823	0.7519135046646062	0.6553656908755001	0.001	0	0
3.938999999999957e-09	0.07357978324362287	0.7383937313372406	0.6703437259750087	0.001	0	0
4.039999999999988e-09	0.07559885958618523	0.7245222615618869	0.6850929154052086	0.001	0	0
4.141000000000019e-09	0.07762461645716978	0.7103016561777997	0.6996041550955812	0.001	0	0
4.24200000000005e-09	0.07965705459868176	0.6957347094459599	0.7138683108693554	0.001	0	0
4.343000000000081e-09	0.08169617436067897	0.6808244526795334	0.7278762237660772	0.001	0	0
4.444000000000112e-09	0.08374197569534904	0.665574157790018	0.7416187155372925	0.001	0	0
4.545000000000143e-09	0.08579445815145958	0.6499873407428749	0.7550865943159735	0.001	0	0
4.646000000000174e-09	0.08785362086868297	0.6340677649162934	0.768270660460159	0.001	0	0
4.7470000000002046e-09	0.08991946257189526	0.6178194443566165	0.781161712571097	0.001	0	0
4.8480000000002355e-09	0.09199198156545224	0.6012466469238255	0.7937505536859801	0.001	0	0
4.9490000000002665e-09	0.09407117572744034	0.5843538973203222	0.8060279976452065	0.001	0	0
5.0500000000002975e-09	0.09615704250390673	0.5671459799961674	0.817984875633857	0.001	0	0
5.1510000000003285e-09	0.09824957890306914	0.5496279419237664	0.8296120428969056	0.001	0	0
5.2520000000003595e-09	0.10034878148950369	0.5318050952348998	0.8409003856274395	0.001	0	0
5.3530000000003905e-09	0.10245464637831533	0.5136830197128792	0.8518408280269538	0.001	0	0
5.4540000000004214e-09	0.10456716922929099	0.4952675651324886	0.8624243395365448	0.001	0	0
5.5550000000004524e-09	0.1066863452410359	0.4765648534402804	0.8726419422375853	0.001	0	0
5.656000000000483e-09	0.10881216914509595	0.45758128076768284	0.8824847184202163	0.001	0	0
5.757000000000514e-09	0.11094463520006444	0.4383235192692836	0.8919438183177364	0.001	0	0
5.858000000000545e-09	0.11308373718567921	0.4187985187785832	0.9010104680046833	0.001	0	0
5.959000000000576e-09	0.11522946839690751	0.3990135082734034	0.9096759774561529	0.001	0	0
6.060000000000607e-09	0.11738182163802102	0.3789759971430904	0.9179317487655938	0.001	0	0
6.161000000000638e-09	0.11954078921666336	0.3586937762495655	0.9257692845180365	0.001	0	0
6.262000000000669e-09	0.1217063629379119	0.33817491877422157	0.9331801963154165	0.001	0	0
6.3630000000007e-09	0.12387853409833352	0.3174277808426318	0.9401562134503232	0.001	0	0
6.464000000000731e-09	0.1260572934800372	0.2964610019189736	0.9466891917242184	0.001	0	0
6.565000000000762e-09	0.12824263134472638	0.2752835049620434	0.9527711224058164	0.001	0	0
6.666000000000793e-09	0.13043453742774913	0.25390449633473466	0.9583941413250043	0.001	0	0
6.767000000000824e-09	0.13263300093215136	0.23233346545882505	0.9635505380973219	0.001	0	0
6.868000000000855e-09	0.1348380105227341	0.21058018420691527	0.9682327654736947	0.001	0	0
6.969000000000886e-09	0.13704955432011318	0.18865470602338502	0.9724334488097393	0.001	0	0
7.070000000000917e-09	0.1392676198947899	0.1665673647662504	0.9761453956486055	0.001	0	0
7.171000000000948e-09	0.14149219426122714	0.14432877326184584	0.9793616054109526	0.001	0	0
7.272000000000979e-09	0.14372326387193837	0.12194982156429482	0.9820752791852765	0.001	0	0
7.37300000000101e-09	0.14596081461158894	0.09944167491180533	0.9842798296114266	0.001	0	0
7.474000000001022e-09	0.14820483179111152	0.07681577137189911	0.9859688908497592	0.001	0	0
7.57500000000097e-09	0.15045530014183897	0.05408381916777012	0.9871363286279884	0.001	0	0
7.676000000000917e-09	0.15271220380965594	0.03125779367808407	0.9877762503573846	0.001	0	0
7.777000000000864e-09	0.15497552634917133	0.008349934102644665	0.9878830153095832	0.001	0	0
7.878000000000812e-09	0.15724525071791318	-0.01462726021350803	0.9874512448448444	0.001	0	0
7.97900000000076e-09	0.15952135927055078	-0.03766103380484492	0.9864758326822014	0.001	0	0
8.080000000000707e-09	0.16180383375314436	-0.060738379466048396	0.9849519552015207	0.001	0	0
8.181000000000654e-09	0.1640926552974205	-0.08384604299558425	0.9828750817670755	0.001	0	0
8.282000000000602e-09	0.16638780441508377	-0.10697052830885323	0.9802409850618179	0.001	0	0
8.383000000000549e-09	0.1686892609921622	-0.1300981029274083	0.9770457514211139	0.001	0	0
8.484000000000496e-09	0.17099700428338796	-0.1532148038504748	0.9732857911542815	0.001	0	0
8.585000000000444e-09	0.1733110129066196	-0.1763064438147405	0.9689578488418553	0.001	0	0
8.686000000000391e-09	0.17563126483730412	-0.19935861794811766	0.9640590135960696	0.001	0	0
8.787000000000339e-09	0.1779577374029841	-0.22235671082284128	0.958586729271643	0.001	0	0
8.888000000000286e-09	0.18029040727785248	-0.24528590391296928	0.9525388046135195	0.001	0	0
8.989000000000234e-09	0.18262925047735531	-0.26813118346099685	0.9459134233278116	0.001	0	0
9.090000000000181e-09	0.1849742423528471	-0.2908773487579046	0.9387091540617767	0.001	0	0
9.191000000000128e-09	0.1873253575863013	-0.31350902084060617	0.930924960278247	0.001	0	0
9.292000000000076e-09	0.18968257018507811	-0.33601065161031535	0.9225602100095398	0.001	0	0
9.393000000000023e-09	0.19204585347675168	-0.3583665333749453	0.9136146854754634	0.001	0	0
9.49399999999997e-09	0.19441518010400072	-0.3805608088181439	0.9040885925496704	0.001	0	0
9.594999999999918e-09	0.19679052201956498	-0.40257748139715077	0.8939825700582034	0.001	0	0
9.695999999999866e-09	0.19917185048126984	-0.4244004261711107	0.8832976988937202	0.001	0	0
9.796999999999813e-09	0.20155913604712278	-0.44601340106095644	0.8720355109285342	0.001	0	0
9.89799999999976e-09	0.20395234857048328	-0.46740005854143973	0.860197997709231	0.001	0	0
9.998999999999708e-09	0.20635145719531311	-0.48854395776529225	0.8477876189153137	0.001	0	0
1.0099999999999655e-08	0.20875643035150174	-0.5094285771188861	0.8348073105640013	0.001	0	0
1.0200999999999603e-08	0.211167235750278	-0.5300373272081815	0.8212604929429805	0.001	0	0
1.030199999999955e-08	0.21358384037970857	-0.5503535642730711	0.8071510782526381	0.001	0	0
1.0402999999999498e-08	0.21600621050028354	-0.5703606040275543	0.7924834779390262	0.001	0	0
1.0503999999999445e-08	0.21843431164059673	-0.5900417359224925	0.7772626096985553	0.001	0	0
1.0604999999999393e-08	0.22086810859311798	-0.6093802378269829	0.761493904135173	0.001	0	0
1.070599999999934e-08	0.22330756541007096	-0.6283593911236269	0.7451833110505847	0.001	0	0
1.0806999999999287e-08	0.22575264539940432	-0.6469624962122158	0.7283373053478788	0.001	0	0
1.0907999999999235e-08	0.22820331112087205	-0.6651728884155936	0.7109628925287378	0.001	0	0
1.1008999999999182e-08	0.23065952438222148	-0.6829739542805844	0.6930676137643226	0.001	0	0
1.110999999999913e-08	0.23312124623549402	-0.7003491482661212	0.6746595505197468	0.001	0	0
1.1210999999999077e-08	0.23558843697343862	-0.7172820098098096	0.6557473287120166	0.001	0	0
1.1311999999999025e-08	0.23806105612604186	-0.7337561807633028	0.6363401223812495	0.001	0	0
1.1412999999998972e-08	0.24053906245718173	-0.7497554231859832	0.6164476568549486	0.001	0	0
1.151399999999892e-08	0.24302241396140645	-0.7652636374855284	0.5960802113851396	0.001	0	0
1.1614999999998867e-08	0.24551106786083587	-0.7802648808930253	0.5752486212382019	0.001	0	0
1.1715999999998814e-08	0.2480049806021996	-0.7947433862593247	0.5539642792173434	0.001	0	0
1.1816999999998762e-08	0.25050410785400634	-0.8086835811584191	0.5322391365977295	0.001	0	0
1.191799999999871e-08	0.2530084045038514	-0.8220701072826078	0.510085703454489	0.001	0	0
1.2018999999998657e-08	0.2555178246558639	-0.8348878401132591	0.48751704836397913	0.001	0	0
1.2119999999998604e-08	0.2580323216283009	-0.8471219088499669	0.46454679745894695	0.001	0	0
1.2220999999998551e-08	0.26055184795128616	-0.8587577165798925	0.441189132818503	0.001	0	0
1.2321999999998499e-08	0.26307635536470064	-0.8697809606680792	0.41745879017413473	0.001	0	0
1.2422999999998446e-08	0.26560579481623037	-0.8801776533484771	0.3933710559133822	0.001	0	0
1.2523999999998394e-08	0.2681401164595646	-0.8899341424944178	0.3689417633631894	0.001	0	0
1.2624999999998341e-08	0.27067926965276023	-0.8990371325462176	0.3441872883354207	0.001	0	0
1.2725999999998289e-08	0.2732232029567707	-0.9074737055725715	0.3191245439175431	0.001	0	0
1.2826999999998236e-08	0.2757718641341387	-0.9152313424413461	0.2937709744920425	0.001	0	0
1.2927999999998184e-08	0.27832520014786244	-0.9222979440743686	0.26814454896874385	0.001	0	0
1.3028999999998131e-08	0.28088315716043144	-0.9286618527597585	0.24226375321487784	0.001	0	0
1.3129999999998078e-08	0.2834456805330439	-0.9343118734943282	0.2161475816684753	0.001	0	0
1.3230999999998026e-08	0.2860127148250059	-0.9392372953275736	0.18981552812140476	0.001	0	0
1.3331999999997973e-08	0.2885842037933062	-0.9434279126777673	0.1632875756592221	0.001	0	0
1.343299999999792e-08	0.29116009039238433	-0.9468740465896663	0.13658418574588815	0.001	0	0
1.3533999999997868e-08	0.29374031677408496	-0.9495665659023831	0.10972628644233076	0.001	0	0
1.3634999999997816e-08	0.29632482428780904	-0.9514969082950051	0.08273525974883807	0.001	0	0
1.3735999999997763e-08	0.29891355348085724	-0.9526571011766201	0.055632928062315554	0.001	0	0
1.383699999999771e-08	0.3015064440989704	-0.9530397823864821	0.02844153974054866	0.001	0	0
1.3937999999997658e-08	0.3041034350870785	-0.952638220669183	0.0011837537667839485	0.001	0	0
1.4038999999997605e-08	0.30670446459024747	-0.9514463358888261	-0.02611737649084065	0.001	0	0
1.4139999999997553e-08	0.3093094699548381	-0.9494587189453911	-0.05343842042919905	0.001	0	0
1.42409999999975e-08	0.3119183877298751	-0.9466706513556835	-0.0807555882722619	0.001	0	0
1.4341999999997448e-08	0.3145311536686253	-0.943078124460526	-0.10804475004681485	0.001	0	0
1.4442999999997395e-08	0.3171477027303995	-0.9386778582191344	-0.13528145547181136	0.001	0	0
1.4543999999997343e-08	0.3197679690825656	-0.9334673195509775	-0.16244095475985537	0.001	0	0
1.464499999999729e-08	0.32239188610278857	-0.9274447401847965	-0.18949822032775016	0.001	0	0
1.4745999999997237e-08	0.32501938638148975	-0.9206091339739197	-0.21642796941142575	0.001	0	0
1.4846999999997185e-08	0.32765040172453425	-0.9129603136364914	-0.24320468757890862	0.001	0	0
1.494799999999721e-08	0.3302848631561507	-0.904498906878801	-0.26980265313325924	0.001	0	0
1.5048999999997325e-08	0.332922700922079	-0.8952263718595225	-0.29619596239564805	0.001	0	0
1.514999999999744e-08	0.33556384449294974	-0.8851450119523514	-0.3223585558569193	0.001	0	0
1.5250999999997554e-08	0.3382082225679028	-0.8742579897642865	-0.34826424518414123	0.001	0	0
1.5351999999997668e-08	0.34085576307844195	-0.8625693403666364	-0.373886741066706	0.001	0	0
1.5452999999997783e-08	0.3435063931925312	-0.8500839836957201	-0.3991996818846454	0.001	0	0
1.5553999999997897e-08	0.34616003931892797	-0.8368077360802365	-0.4241766631797863	0.001	0	0
1.5654999999998012e-08	0.34881662711177075	-0.822747320852314	-0.4487912679083904	0.001	0	0
1.5755999999998126e-08	0.35147608147539944	-0.807910377999433	-0.47301709745183884	0.001	0	0
1.585699999999824e-08	0.3541383265694291	-0.7923054728146279	-0.4968278033598556	0.001	0	0
1.5957999999998355e-08	0.35680328581407383	-0.7759421035027122	-0.5201971197986393	0.001	0	0
1.605899999999847e-08	0.3594708818957184	-0.7588307077007199	-0.5430988966741139	0.001	0	0
1.6159999999998584e-08	0.3621410367727407	-0.7409826678712387	-0.565507133398403	0.001	0	0
1.62609999999987e-08	0.3648136716815911	-0.722410315527968	-0.5873960132654037	0.001	0	0
1.6361999999998813e-08	0.36748870714311954	-0.7031269342535322	-0.608739938399207	0.001	0	0
1.6462999999998928e-08	0.3701660629691621	-0.6831467614704618	-0.6295135652368294	0.001	0	0
1.6563999999999042e-08	0.372845658269383	-0.6624849889271289	-0.6496918405046286	0.001	0	0
1.6664999999999157e-08	0.37552741145838	-0.6411577618615144	-0.6692500376455179	0.001	0	0
1.676599999999927e-08	0.3782112402630302	-0.619182176806854	-0.6881637936519143	0.001	0	0
1.6866999999999386e-08	0.38089706173011295	-0.5965762780044556	-0.7064091462571818	0.001	0	0
1.69679999999995e-08	0.38358479223417297	-0.5733590523903751	-0.7239625714362041	0.001	0	0
1.7068999999999615e-08	0.3862743474856596	-0.5495504231241946	-0.7408010211635043	0.001	0	0
1.716999999999973e-08	0.388965642539318	-0.5251712416296885	-0.7569019613753256	0.001	0	0
1.7270999999999844e-08	0.39165859180283646	-0.5002432781189851	-0.7722434100799294	0.001	0	0
1.737199999999996e-08	0.3943531090457556	-0.47478921057366485	-0.7868039755583658	0.001	0	0
1.7473000000000073e-08	0.39704910740863686	-0.44883261215820613	-0.8005628945959951	0.001	0	0
1.7574000000000188e-08	0.3997464994124904	-0.42239793704329853	-0.8135000706830894	0.001	0	0
1.7675000000000302e-08	0.40244519696846	-0.39551050461881865	-0.8255961121209603	0.001	0	0
1.7776000000000417e-08	0.4051451113877581	-0.36819648207850847	-0.8368323699682789	0.001	0	0
1.787700000000053e-08	0.40784615339187014	-0.3404828653609633	-0.8471909757604765	0.001	0	0
1.7978000000000646e-08	0.41054823312301225	-0.3123974584340374	-0.8566548789334886	0.001	0	0
1.807900000000076e-08	0.4132512601548377	-0.28396885091248963	-0.8652078838815357	0.001	0	0
1.8180000000000875e-08	0.415955143503395	-0.2552263940015451	-0.8728346865771184	0.001	0	0
1.828100000000099e-08	0.41865979163834666	-0.2262001747618763	-0.8795209106800639	0.001	0	0
1.8382000000001104e-08	0.42136511249443226	-0.19692098869464178	-0.8852531430611661	0.001	0	0
1.848300000000122e-08	0.42407101348318343	-0.1674203106482604	-0.8900189686648116	0.001	0	0
1.8584000000001333e-08	0.426777401504883	-0.1377302640519002	-0.8938070046339415	0.001	0	0
1.8685000000001447e-08	0.42948418296077406	-0.10788358848396296	-0.8966069336197874	0.001	0	0
1.8786000000001562e-08	0.4321912637655069	-0.07791360558728634	-0.8984095361980456	0.001	0	0
1.8887000000001677e-08	0.4348985493598274	-0.04785418334630477	-0.8992067223125151	0.001	0	0
1.898800000000179e-08	0.4376059447235074	-0.01773969874500705	-0.8989915616667357	0.001	0	0
1.9089000000001906e-08	0.4403133543885044	0.012395001171780537	-0.8977583129838331	0.001	0	0
1.919000000000202e-08	0.44302068245236015	0.04251463980750509	-0.8955024520545956	0.001	0	0
1.9291000000002135e-08	0.4457278325918248	0.07258355306328715	-0.8922206984938099	0.001	0	0
1.939200000000225e-08	0.4484347080767106	0.1025657328936216	-0.8879110411250423	0.001	0	0
1.9493000000002364e-08	0.4511412117839671	0.13242487233045636	-0.8825727619143946	0.001	0	0
1.9594000000002478e-08	0.4538472462119759	0.16212441193373986	-0.8762064583743023	0.001	0	0
1.9695000000002593e-08	0.45655271349506527	0.19162758762251514	-0.8688140643591454	0.001	0	0
1.9796000000002707e-08	0.459257515418235	0.22089747983658334	-0.8603988691753663	0.001	0	0
1.9897000000002822e-08	0.46196155343209055	0.24989706397469647	-0.8509655349298932	0.001	0	0
1.9998000000002936e-08	0.4646647286679779	0.2785892620511521	-0.8405201120419845	0.001	0	0
2.009900000000305e-08	0.46736694195333284	0.30693699550859194	-0.8290700528451209	0.001	0	0
2.0200000000003165e-08	0.4700680938272077	0.3349032391207257	-0.8166242232073224	0.001	0	0
2.030100000000328e-08	0.47276808455600283	0.3624510759146343	-0.8031929121001904	0.001	0	0
2.0402000000003394e-08	0.47546681414938274	0.3895437530383189	-0.788787839049144	0.001	0	0
2.050300000000351e-08	0.4781641823763687	0.41614473849513056	-0.7734221593997073	0.001	0	0
2.0604000000003623e-08	0.4808600887816222	0.44221777866281337	-0.7571104673372793	0.001	0	0
2.0705000000003738e-08	0.4835544327018821	0.46772695651100915	-0.7398687966006694	0.001	0	0
2.0806000000003853e-08	0.4862471132825865	0.4926367504272757	-0.7217146188326831	0.001	0	0
2.0907000000003967e-08	0.4889380294946432	0.516912093557967	-0.7026668395143394	0.001	0	0
2.100800000000408e-08	0.49162708015136414	0.5405184335666865	-0.6827457914327573	0.001	0	0
2.1109000000004196e-08	0.49431416392554905	0.5634217927095628	-0.6619732256364601	0.001	0	0
2.121000000000431e-08	0.49699917936670973	0.5855888281231926	-0.6403722998357546	0.001	0	0
2.1311000000004425e-08	0.4996820249184344	0.6069868922178392	-0.6179675642099881	0.001	0	0
2.141200000000454e-08	0.5023625989358912	0.6275840930654062	-0.5947849445878137	0.001	0	0
2.1513000000004654e-08	0.5050407997034548	0.6473493546687688	-0.5708517229711445	0.001	0	0
2.161400000000477e-08	0.5077165254524441	0.666252476996271	-0.5461965153782389	0.001	0	0
2.1715000000004883e-08	0.5103896743789815	0.6842641956626284	-0.5208492469862864	0.001	0	0
2.1816000000004998e-08	0.5130601446619707	0.7013562411350984	-0.49484112455901125	0.001	0	0
2.1917000000005112e-08	0.5157278344811527	0.7175013973416067	-0.46820460615016585	0.001	0	0
2.2018000000005227e-08	0.5183926420352691	0.7326735595556075	-0.4409733680791951	0.001	0	0
2.211900000000534e-08	0.5210544655603103	0.7468477914307038	-0.4131822691811049	0.001	0	0
2.2220000000005456e-08	0.5237132033478465	0.7600003810566118	-0.38486731233834603	0.001	0	0
2.232100000000557e-08	0.5263687537634236	0.7721088959068708	-0.35606560330849496	0.001	0	0
2.2422000000005685e-08	0.5290210152650314	0.7831522365477251	-0.32681530686763083	0.001	0	0
2.25230000000058e-08	0.5316698864216314	0.7931106889769863	-0.29715560029552307	0.001	0	0
2.2624000000005914e-08	0.5343152659317328	0.8019659754613051	-0.2671266242351099	0.001	0	0
2.272500000000603e-08	0.5369570526420053	0.8097013037402245	-0.2367694309651706	0.001	0	0
2.2826000000006143e-08	0.5395951455659469	0.8163014144656142	-0.20612593013164476	0.001	0	0
2.2927000000006258e-08	0.5422294439025606	0.8217526267456818	-0.17523883198965173	0.001	0	0
2.3028000000006372e-08	0.5448598470550658	0.8260428816636203	-0.14415158821491225	0.001	0	0
2.3129000000006487e-08	0.5474862546496226	0.8291617836421787	-0.11290833034999878	0.001	0	0
2.32300000000066e-08	0.5501085665540528	0.8311006395270278	-0.08155380595755901	0.001	0	0
2.3331000000006716e-08	0.5527266828965631	0.8318524952636689	-0.050133312559397215	0.001	0	0
2.343200000000683e-08	0.5553405040844657	0.831412170044914	-0.018692629447028576	0.001	0	0
2.3533000000006945e-08	0.5579499308228713	0.8297762878085914	0.012722052543972339	0.001	0	0
2.363400000000706e-08	0.5605548641333646	0.8269433059680771	0.04406420319685368	0.001	0	0
2.3735000000007174e-08	0.5631552053726426	0.8229135412616204	0.07528702690822447	0.001	0	0
2.3836000000007288e-08	0.5657508562511107	0.8176891926101107	0.10634353840216501	0.001	0	0
2.3937000000007403e-08	0.5683417188514358	0.8112743608769972	0.1371866400454148	0.001	0	0
2.4038000000007517e-08	0.5709276956470375	0.8036750654285155	0.1677692006388561	0.001	0	0
2.4139000000007632e-08	0.5735086895205128	0.7948992573971407	0.1980441355543707	0.001	0	0
2.4240000000007746e-08	0.5760846037819931	0.7849568295563447	0.22796448808015274	0.001	0	0
2.434100000000786e-08	0.5786553421874219	0.7738596227202261	0.2574835118317871	0.001	0	0
2.4442000000007975e-08	0.581220808956739	0.7616214285874534	0.28655475408077413	0.001	0	0
2.454300000000809e-08	0.5837809087919676	0.7482579889551253	0.31513213984684274	0.001	0	0
2.4644000000008204e-08	0.586335546895202	0.7337869912347064	0.3431700565952431	0.001	0	0
2.474500000000832e-08	0.5888846289864799	0.7182280602090372	0.370623439375377	0.001	0	0
2.4846000000008434e-08	0.5914280613215368	0.7016027459766174	0.39744785623250906	0.001	0	0
2.4947000000008548e-08	0.5939657507094351	0.6839345080368114	0.42359959372007605	0.001	0	0
2.5048000000008663e-08	0.596497604530055	0.6652486954774427	0.44903574233613675	0.001	0	0
2.5149000000008777e-08	0.5990235307514409	0.6455725232342814	0.47371428170389995	0.001	0	0
2.525000000000889e-08	0.6015434379470025	0.6249350444002606	0.49759416531305356	0.001	0	0
2.5351000000009006e-08	0.6040572353125528	0.6033671185708467	0.5206354046357404	0.001	0	0
2.545200000000912e-08	0.6065648326831921	0.5809013762207857	0.5427991524285694	0.001	0	0
2.5553000000009235e-08	0.6090661405500095	0.5575721791165293	0.5640477850299939	0.001	0	0
2.565400000000935e-08	0.6115610700765974	0.5334155767778037	0.5843449834608228	0.001	0	0
2.5755000000009464e-08	0.6140495331154007	0.5084692590112616	0.6036558131343612	0.001	0	0
2.585600000000958e-08	0.6165314422238646	0.48277250454866183	0.6219468019820993	0.001	0	0
2.5957000000009693e-08	0.6190067106803696	0.4563661258318009	0.6391860168005181	0.001	0	0
2.6058000000009808e-08	0.621475252499968	0.4292924099961192	0.6553431376249237	0.001	0	0
2.6159000000009922e-08	0.623936982449911	0.4015950561149234	0.6703895299368772	0.001	0	0
2.6260000000010037e-08	0.6263918160649492	0.3733191087760318	0.6842983145131367	0.001	0	0
2.636100000001015e-08	0.628839669662411	0.34451088807268093	0.6970444347257414	0.001	0	0
2.6462000000010266e-08	0.6312804603570427	0.31521791610055017	0.7086047211051738	0.001	0	0
2.656300000001038e-08	0.6337141060756114	0.2854888400627118	0.718957952981373	0.001	0	0
2.6664000000010495e-08	0.6361405255712543	0.2553733520942578	0.7280849170207241	0.001	0	0
2.676500000001061e-08	0.6385596384375942	0.22492210592825607	0.7359684624810112	0.001	0	0
2.6866000000010724e-08	0.6409713651225823	0.194186630534384	0.7425935530108181	0.001	0	0
2.696700000001084e-08	0.6433756269420856	0.1632192408712613	0.747947314824774	0.001	0	0
2.7068000000010953e-08	0.645772346093206	0.13207294590294388	0.7520190810915706	0.001	0	0
2.7169000000011068e-08	0.6481614456673195	0.10080135403930912	0.7548004323777254	0.001	0	0
2.7270000000011182e-08	0.6505428496628431	0.0694585761691077	0.7562852329966147	0.001	0	0
2.7371000000011297e-08	0.6529164829977171	0.03809912646325002	0.7564696631194009	0.001	0	0
2.747200000001141e-08	0.6552822715215971	0.006777821134393161	0.7553522465120857	0.001	0	0
2.7573000000011526e-08	0.6576401420277556	-0.0244503246529082	0.7529338737710158	0.001	0	0
2.767400000001164e-08	0.6599900222646842	-0.05553020151937844	0.7492178209377751	0.001	0	0
2.7775000000011755e-08	0.662331840947393	-0.08640671204594147	0.7442097633834612	0.001	0	0
2.787600000001187e-08	0.6646655277684113	-0.11702487816972901	0.737917784861885	0.001	0	0
2.7977000000011984e-08	0.6669910134084674	-0.1473299495778767	0.7303523816412227	0.001	0	0
2.80780000000121e-08	0.6693082295468642	-0.1772675128696255	0.7215264616340333	0.001	0	0
2.8179000000012213e-08	0.6716171088715341	-0.2067836012515437	0.711455338456386	0.001	0	0
2.8280000000012327e-08	0.6739175850887742	-0.23582480452549723	0.7001567203580312	0.001	0	0
2.8381000000012442e-08	0.6762095929326618	-0.26433837912434055	0.6876506939770942	0.001	0	0
2.8482000000012556e-08	0.6784930681741386	-0.2922723579462039	0.6739597028846749	0.001	0	0
2.858300000001267e-08	0.6807679476297671	-0.3195756597347501	0.6591085208969111	0.001	0	0
2.8684000000012786e-08	0.6830341691701618	-0.3461981977498454	0.6431242201445431	0.001	0	0
2.87850000000129e-08	0.6852916717280779	-0.372090987470828	0.6260361339027433	0.001	0	0
2.8886000000013015e-08	0.687540395306164	-0.3972062530728939	0.6078758141969013	0.001	0	0
2.898700000001313e-08	0.6897802809843896	-0.42149753241614624	0.5886769842131545	0.001	0	0
2.9088000000013244e-08	0.6920112709271211	-0.4449197802865391	0.5684754855557709	0.001	0	0
2.9189000000013358e-08	0.6942333083898586	-0.4674294696283162	0.5473092204068387	0.001	0	0
2.9290000000013473e-08	0.6964463377256318	-0.48898469050864224	0.5252180886571765	0.001	0	0
2.9391000000013587e-08	0.6986503043910557	-0.5095452465568835	0.5022439200908893	0.001	0	0
2.9492000000013702e-08	0.7008451549520398	-0.5290727486235134	0.47843040171951967	0.001	0	0
2.9593000000013816e-08	0.7030308370891465	-0.5475307054068144	0.45382300037520684	0.001	0	0
2.969400000001393e-08	0.7052072996026149	-0.564884610799558	0.4284688806856146	0.001	0	0
2.9795000000014045e-08	0.7073744924170238	-0.5811020277124377	0.402416818566768	0.001	0	0
2.989600000001416e-08	0.7095323665856261	-0.5961526681364793	0.3757171103829914	0.001	0	0
2.9997000000014274e-08	0.711680874294327	-0.6100084692127923	0.34842147793609807	0.001	0	0
3.009800000001439e-08	0.713819968865318	-0.6226436650848297	0.32058296945870013	0.001	0	0
3.0199000000014503e-08	0.715949604760364	-0.6340348543159038	0.29225585679890675	0.001	0	0
3.030000000001462e-08	0.7180697375837465	-0.6441610626629484	0.2634955289958043	0.001	0	0
3.040100000001473e-08	0.7201803240848657	-0.6530038010064501	0.2343583824568652	0.001	0	0
3.050200000001485e-08	0.7222813221605014	-0.6605471182461171	0.20490170795976897	0.001	0	0
3.060300000001496e-08	0.7243726908567257	-0.6667776489820938	0.17518357471207913	0.001	0	0
3.0704000000015076e-08	0.7264543903704819	-0.6716846558124503	0.14526271171262764	0.001	0	0
3.080500000001519e-08	0.7285263820508211	-0.6752600660892021	0.1151983866684292	0.001	0	0
3.0906000000015305e-08	0.730588628399804	-0.6774985029872234	0.08505028273031934	0.001	0	0
3.100700000001542e-08	0.7326410930730676	-0.6783973107531038	0.054878373319324235	0.001	0	0
3.1108000000015534e-08	0.7346837408800566	-0.6779565740142182	0.024742795323957487	0.001	0	0
3.120900000001565e-08	0.736716537783931	-0.6761791310419897	-0.00529627904382165	0.001	0	0
3.131000000001576e-08	0.7387394509011393	-0.6730705808775537	-0.03517877143940017	0.001	0	0
3.141100000001588e-08	0.7407524485006696	-0.6686392842426432	-0.06484482732232066	0.001	0	0
3.151200000001599e-08	0.7427555000029757	-0.6628963581735767	-0.09423494633297205	0.001	0	0
3.161300000001611e-08	0.7447485759785869	-0.6558556643316336	-0.12329011279839122	0.001	0	0
3.171400000001622e-08	0.7467316481463981	-0.6475337909588388	-0.15195192605255847	0.001	0	0
3.1815000000016336e-08	0.74870468937165	-0.6379500284642059	-0.18016273025354118	0.001	0	0
3.191600000001645e-08	0.7506676736635958	-0.6271263386417403	-0.20786574337763647	0.001	0	0
3.2017000000016565e-08	0.7526205761728599	-0.6150873175379825	-0.2350051850693245	0.001	0	0
3.211800000001668e-08	0.7545633731885062	-0.6018601520034497	-0.26152640302535957	0.001	0	0
3.2219000000016794e-08	0.7564960421347915	-0.5874745699791124	-0.2873759975917191	0.001	0	0
3.232000000001691e-08	0.7584185615676311	-0.5719627845857567	-0.3125019442534399	0.001	0	0
3.242100000001702e-08	0.7603309111707746	-0.5553594321009151	-0.3368537136995171	0.001	0	0
3.252200000001714e-08	0.7622330717516884	-0.5377015039247699	-0.3603823891481893	0.001	0	0
3.262300000001725e-08	0.7641250252371639	-0.5190282726531129	-0.3830407806218554	0.001	0	0
3.2724000000017367e-08	0.7660067546686484	-0.4993812123919252	-0.4047835358658358	0.001	0	0
3.282500000001748e-08	0.7678782441972902	-0.47880391346456574	-0.42556724761092224	0.001	0	0
3.2926000000017596e-08	0.7697394790787224	-0.457341991678521	-0.4453505568864076	0.001	0	0
3.302700000001771e-08	0.7715904456675887	-0.43504299233455285	-0.46409425209782984	0.001	0	0
3.3128000000017825e-08	0.7734311314117932	-0.4119562891765558	-0.4817613635921316	0.001	0	0
3.322900000001794e-08	0.7752615248465146	-0.38813297849544326	-0.49831725344222483	0.001	0	0
3.3330000000018054e-08	0.7770816155879516	-0.36362576861507795	-0.5137297001931463	0.001	0	0
3.343100000001817e-08	0.7788913943268403	-0.3384888650023892	-0.5279689783228898	0.001	0	0
3.353200000001828e-08	0.7806908528217209	-0.3127778512574414	-0.5410079321828383	0.001	0	0
3.36330000000184e-08	0.7824799838919768	-0.28654956625225864	-0.5528220441952172	0.001	0	0
3.373400000001851e-08	0.7842587814106317	-0.25986197769962494	-0.5633894970982978	0.001	0	0
3.3835000000018626e-08	0.7860272402969406	-0.23277405244485772	-0.5726912300440092	0.001	0	0
3.393600000001874e-08	0.7877853565087529	-0.20534562378454208	-0.5807109883673911	0.001	0	0
3.4037000000018855e-08	0.7895331270346612	-0.1776372561265687	-0.5874353668625361	0.001	0	0
3.413800000001897e-08	0.7912705498859429	-0.14971010731528495	-0.592853846415631	0.001	0	0
3.4239000000019084e-08	0.7929976240883037	-0.12162578895428264	-0.5969588238621564	0.001	0	0
3.43400000000192e-08	0.7947143496734207	-0.0934462250671686	-0.599745634952304	0.001	0	0
3.4441000000019314e-08	0.7964207276702961	-0.06523350944361778	-0.6012125703261351	0.001	0	0
3.454200000001943e-08	0.7981167600964234	-0.037049762024034066	-0.6013608844178775	0.001	0	0
3.464300000001954e-08	0.7998024499487744	-0.00895698468124082	-0.6001947972270336	0.001	0	0
3.474400000001966e-08	0.8014778011946146	0.018983083238254678	-0.5977214889125435	0.001	0	0
3.484500000001977e-08	0.8031428187621461	0.046709109247738606	-0.5939510871851275	0.001	0	0
3.4946000000019886e-08	0.8047975085309913	0.07416031156069101	-0.5888966474919903	0.001	0	0
3.504700000002e-08	0.8064418773225169	0.10127660206917391	-0.5825741260073298	0.001	0	0
3.5148000000020115e-08	0.8080759328900085	0.12799872809118573	-0.5750023454614326	0.001	0	0
3.524900000002023e-08	0.8096996839086958	0.15426841251891732	-0.5662029538605583	0.001	0	0
3.5350000000020344e-08	0.8113131399656437	0.1800284920018415	-0.5562003761691925	0.001	0	0
3.545100000002046e-08	0.8129163115495024	0.20522305280161995	-0.5450217590456163	0.001	0	0
3.555200000002057e-08	0.8145092100401305	0.22979756395989925	-0.532696908740932	0.001	0	0
3.565300000002069e-08	0.8160918476981046	0.25369900742521384	-0.5192582222907175	0.001	0	0
3.57540000000208e-08	0.817664237654097	0.2768760047913771	-0.504740612147339	0.001	0	0
3.585500000002092e-08	0.8192263938981483	0.299278940306941	-0.489181424419388	0.001	0	0
3.595600000002103e-08	0.8207783312688322	0.32086007982353104	-0.4726203509029098	0.001	0	0
3.6057000000021146e-08	0.8223200654423243	0.3415736853600174	-0.4550993351068261	0.001	0	0
3.615800000002126e-08	0.8238516129213709	0.3613761249697278	-0.4366624724922481	0.001	0	0
3.6259000000021375e-08	0.8253729910241692	0.38022597760895127	-0.4173559051621534	0.001	0	0
3.636000000002149e-08	0.8268842178731655	0.3980841327171047	-0.39722771125405315	0.001	0	0
3.6461000000021604e-08	0.8283853123837702	0.41491388423180553	-0.37632778930392863	0.001	0	0
3.656200000002172e-08	0.8298762942530041	0.43068101877595205	-0.35470773786451903	0.001	0	0
3.666300000002183e-08	0.8313571839480749	0.4453538977684702	-0.3324207306753242	0.001	0	0
3.676400000002195e-08	0.8328280026948903	0.45890353322587035	-0.3095213876949956	0.001	0	0
3.686500000002206e-08	0.8342887724665115	0.47130365703783267	-0.2860656423194767	0.001	0	0
3.6966000000022177e-08	0.835739515971562	0.48253078351693995	-0.2621106051209121	0.001	0	0
3.706700000002229e-08	0.83718025664258	0.49256426504017803	-0.23771442445326363	0.001	0	0
3.7168000000022406e-08	0.8386110186243316	0.5013863406179149	-0.21293614428041763	0.001	0	0
3.726900000002252e-08	0.8400318267620903	0.5089821772447435	-0.18783555959157094	0.001	0	0
3.7370000000022635e-08	0.8414427065898799	0.5153399039057605	-0.16247306977658393	0.001	0	0
3.747100000002275e-08	0.8428436843186926	0.5204506381314384	-0.13690953034093561	0.001	0	0
3.7572000000022864e-08	0.8442347868246809	0.5243085050142791	-0.11120610334576526	0.001	0	0
3.767300000002298e-08	0.8456160416373368	0.5269106486207542	-0.08542410696327961	0.001	0	0
3.777400000002309e-08	0.8469874769276518	0.528257235752672	-0.059624864541497735	0.001	0	0
3.787500000002321e-08	0.8483491214962725	0.5283514520329199	-0.03386955357488118	0.001	0	0
3.797600000002332e-08	0.8497010047616504	0.5271994903115216	-0.008219054978859539	0.001	0	0
3.8077000000023436e-08	0.85104315674819	0.5248105314090108	0.017266196933418042	0.001	0	0
3.817800000002355e-08	0.8523756080744053	0.5211967172352197	0.04252636337459059	0.001	0	0
3.8279000000023665e-08	0.8536983899410826	0.5163731163426517	0.06750234851129422	0.001	0	0
3.838000000002378e-08	0.8550115341194555	0.5103576819945641	0.0921359450046114	0.001	0	0
3.8481000000023895e-08	0.8563150729393985	0.5031712028486841	0.11636997727453366	0.001	0	0
3.858200000002401e-08	0.8576090392776408	0.49483724637807425	0.14014844210556632	0.001	0	0
3.8683000000024124e-08	0.8588934665460055	0.48538209517094416	0.16341664621708002	0.001	0	0
3.878400000002424e-08	0.8601683886796769	0.4748346762711586	0.18612134042958695	0.001	0	0
3.888500000002435e-08	0.8614338401254996	0.46322648374071523	0.2082108500667657	0.001	0	0
3.898600000002447e-08	0.8626898558303209	0.45059149464454384	0.2296352012427777	0.001	0	0
3.908700000002458e-08	0.8639364712293609	0.4369660786765347	0.25034624269515127	0.001	0	0
3.9188000000024696e-08	0.8651737222346338	0.422388901663619	0.2702977628352584	0.001	0	0
3.928900000002481e-08	0.8664016452234173	0.40690082320208165	0.28944560170111555	0.001	0	0
3.9390000000024925e-08	0.8676202770267654	0.39054478869689413	0.30774775751091465	0.001	0	0
3.949100000002504e-08	0.8688296549180816	0.37336571609074715	0.32516448753018456	0.001	0	0
3.9592000000025154e-08	0.8700298166017439	0.35541037758454086	0.3416584029809412	0.001	0	0
3.969300000002527e-08	0.8712208002017915	0.3367272766653424	0.35719455773736347	0.001	0	0
3.9794000000025383e-08	0.8724026442506723	0.3173665207711882	0.37174053056951084	0.001	0	0
3.98950000000255e-08	0.873575387678059	0.297379689934541	0.38526650071429047	0.001	0	0
3.999600000002561e-08	0.8747390697997304	0.27681970175768306	0.3977453165712527	0.001	0	0
4.009700000002573e-08	0.8758937303065236	0.25574067308380544	0.409152557339727	0.001	0	0
4.019800000002584e-08	0.8770394092533649	0.23419777873695535	0.4194665874333635	0.001	0	0
4.0299000000025956e-08	0.8781761470483673	0.2122471077124418	0.4286686035281324	0.001	0	0
4.040000000002607e-08	0.8793039844420183	0.18994551720649128	0.43674267412030365	0.001	0	0
4.0501000000026185e-08	0.880422962516437	0.16735048488018112	0.44367577149175674	0.001	0	0
4.06020000000263e-08	0.8815331226747234	0.14451995975767237	0.4494577960011116	0.001	0	0
4.0703000000026414e-08	0.88263450663039	0.12151221216264976	0.4540815926405698	0.001	0	0
4.080400000002653e-08	0.8837271563968793	0.09838568309959614	0.4575429598199552	0.001	0	0
4.090500000002664e-08	0.884811114277174	0.07519883348806616	0.4598406503611304	0.001	0	0
4.100600000002676e-08	0.8858864228534962	0.05200999365848816	0.4609763647077646	0.001	0	0
4.110700000002687e-08	0.8869531249771014	0.028877213517208858	0.4609547363771639	0.001	0	0
4.120800000002699e-08	0.8880112637581681	0.005858113786496371	0.4597833097025944	0.001	0	0
4.13090000000271e-08	0.8890608825557831	-0.01699026127795054	0.4574725099360718	0.001	0	0
4.1410000000027216e-08	0.8901020249680257	-0.039611589293773675	0.4540356058029552	0.001	0	0
4.151100000002733e-08	0.8911347348221532	-0.06195041289028044	0.4494886646207761	0.001	0	0
4.1612000000027445e-08	0.8921590561648864	-0.08395228019221748	0.4438505001154992	0.001	0	0
4.171300000002756e-08	0.8931750332527992	-0.10556388227062566	0.43714261308879443	0.001	0	0
4.1814000000027674e-08	0.8941827105428115	-0.126733187191243	0.4293891251098122	0.001	0	0
4.191500000002779e-08	0.895182132682788	-0.14740957030081547	0.42061670542439417	0.001	0	0
4.20160000000279e-08	0.8961733445022457	-0.16754394040261517	0.41085449129347396	0.001	0	0
4.211700000002802e-08	0.8971563910031652	-0.1870888614844025	0.4001340019906704	0.001	0	0
4.221800000002813e-08	0.8981313173509142	-0.20599866967497565	0.38848904670660367	0.001	0	0
4.2319000000028247e-08	0.8990981688652798	-0.2242295851192817	0.3759556266242937	0.001	0	0
4.242000000002836e-08	0.9000569910116102	-0.2417398184767977	0.362571831446032	0.001	0	0
4.2521000000028476e-08	0.9010078293920707	-0.2584896717634376	0.34837773066731054	0.001	0	0
4.262200000002859e-08	0.9019507297370062	-0.2744416332736205	0.3334152599077591	0.001	0	0
4.2723000000028705e-08	0.9028857378964261	-0.28956046633621196	0.31772810262241374	0.001	0	0
4.282400000002882e-08	0.903812899831594	-0.3038132916758987	0.30136156752915555	0.001	0	0
4.2925000000028934e-08	0.9047322616067337	-0.31716966316992656	0.28436246209960075	0.001	0	0
4.302600000002905e-08	0.9056438693808517	-0.3296016368092125	0.26677896247118404	0.001	0	0
4.312700000002916e-08	0.9065477693996751	-0.34108383269237186	0.24866048014755748	0.001	0	0
4.322800000002928e-08	0.9074440079877031	-0.35159348990120054	0.23005752586279493	0.001	0	0
4.332900000002939e-08	0.9083326315403712	-0.36111051412661144	0.21102157099204227	0.001	0	0
4.3430000000029506e-08	0.9092136865163379	-0.36961751793474407	0.19160490689737975	0.001	0	0
4.353100000002962e-08	0.9100872194298837	-0.37709985358406106	0.17186050260261262	0.001	0	0
4.3632000000029735e-08	0.9109532768434263	-0.38354563832549904	0.15184186119448975	0.001	0	0
4.373300000002985e-08	0.911811905360153	-0.38894577213915404	0.1316028753504871	0.001	0	0
4.3834000000029964e-08	0.9126631516167698	-0.3932939478825189	0.11119768239477512	0.001	0	0
4.393500000003008e-08	0.9135070622763652	-0.39658665384681513	0.09068051928426044	0.001	0	0
4.4036000000030193e-08	0.9143436840213923	-0.3988231687394781	0.07010557792574122	0.001	0	0
4.413700000003031e-08	0.9151730635467665	-0.4000055491322514	0.04952686122316932	0.001	0	0
4.423800000003042e-08	0.9159952475530783	-0.4001386094355841	0.028998040250821606	0.001	0	0
4.433900000003054e-08	0.9168102827399227	-0.3992298944810353	0.008572312943854656	0.001	0	0
4.444000000003065e-08	0.9176182157993451	-0.3972896448141031	-0.011697735307751384	0.001	0	0
4.4541000000030766e-08	0.9184190934094013	-0.39433075482026303	-0.03176026878241868	0.001	0	0
4.464200000003088e-08	0.9192129622278322	-0.39036872382695786	-0.051564335895583235	0.001	0	0
4.4743000000030995e-08	0.9199998688858544	-0.3854216003437559	-0.07106000065062448	0.001	0	0
4.484400000003111e-08	0.9207798599820645	-0.3795099196218519	-0.0901984707187905	0.001	0	0
4.4945000000031224e-08	0.9215529820764559	-0.37265663473246746	-0.10893222180554697	0.001	0	0
4.504600000003134e-08	0.9223192816845511	-0.3648870413814242	-0.12721511797248403	0.001	0	0
4.514700000003145e-08	0.923078805271647	-0.3562286966942341	-0.14500252759655918	0.001	0	0
4.524800000003157e-08	0.9238315992471677	-0.3467113322223604	-0.16225143466197223	0.001	0	0
4.534900000003168e-08	0.9245777099591346	-0.33636676143681965	-0.17892054509435218	0.001	0	0
4.54500000000318e-08	0.9253171836887455	-0.3252287819900181	-0.19497038786207324	0.001	0	0
4.555100000003191e-08	0.9260500666450626	-0.3133330730405596	-0.21036341058546978	0.001	0	0
4.5652000000032026e-08	0.9267764049598118	-0.30071708794867447	-0.2250640694113062	0.001	0	0
4.575300000003214e-08	0.9274962446822905	-0.2874199426619255	-0.239038912927139	0.001	0	0
4.5854000000032255e-08	0.9282096317743831	-0.2734823001218669	-0.25225665990807	0.001	0	0
4.595500000003237e-08	0.9289166121056858	-0.25894625103233543	-0.2646882707067737	0.001	0	0
4.6056000000032484e-08	0.9296172314487356	-0.24385519133905764	-0.2763070121165777	0.001	0	0
4.61570000000326e-08	0.9303115354743474	-0.2282536967781711	-0.28708851555667725	0.001	0	0
4.625800000003271e-08	0.9309995697470533	-0.21218739485812474	-0.29701082844824256	0.001	0	0
4.635900000003283e-08	0.9316813797206497	-0.19570283464519556	-0.30605445867013803	0.001	0	0
4.646000000003294e-08	0.9323570107338444	-0.17884735472754215	-0.3142024120032133	0.001	0	0
4.6561000000033057e-08	0.9330265080060086	-0.1616689497362474	-0.32144022249252047	0.001	0	0
4.666200000003317e-08	0.9336899166330294	-0.1442161358042631	-0.3277559756773507	0.001	0	0
4.6763000000033286e-08	0.9343472815832614	-0.12653781534549174	-0.33314032465955745	0.001	0	0
4.68640000000334e-08	0.9349986476935811	-0.10868314153642117	-0.3375864990012316	0.001	0	0
4.6965000000033515e-08	0.9356440596655373	-0.09070138288184505	-0.3410903064633134	0.001	0	0
4.706600000003363e-08	0.9362835620616	-0.07264178824414455	-0.3436501276171334	0.001	0	0
4.7167000000033744e-08	0.9369171993015067	-0.05455345271251267	-0.3452669033810817	0.001	0	0
4.726800000003386e-08	0.9375450156587017	-0.03648518468428537	-0.3459441155545953	0.001	0	0
4.736900000003397e-08	0.9381670552568743	-0.018485374525279114	-0.3456877604413063	0.001	0	0
4.747000000003409e-08	0.9387833620665871	-0.0006018651697158597	-0.3445063156725334	0.001	0	0
4.75710000000342e-08	0.9393939799019978	0.01711817498701883	-0.34241070036117965	0.001	0	0
4.7672000000034316e-08	0.9399989524176737	0.03462837655787253	-0.3394142287345431	0.001	0	0
4.777300000003443e-08	0.9405983231054955	0.051883290660265396	-0.335532557412454	0.001	0	0
4.7874000000034545e-08	0.9411921352916496	0.06883850711349238	-0.33078362651449156	0.001	0	0
4.797500000003466e-08	0.9417804321337109	0.08545076902314042	-0.32518759479674963	0.001	0	0
4.8076000000034775e-08	0.9423632566178111	0.10167808345026677	-0.3187667690346736	0.001	0	0
4.817700000003489e-08	0.9429406515558938	0.1174798278758989	-0.3115455278838276	0.001	0	0
4.8278000000035004e-08	0.943512659583054	0.132816852185012	-0.3035502404650361	0.001	0	0
4.837900000003512e-08	0.9440793231549645	0.14765157590846859	-0.2948091799341185	0.001	0	0
4.848000000003523e-08	0.9446406845453788	0.16194808047642062	-0.28535243230943974	0.001	0	0
4.858100000003535e-08	0.9451967858437228	0.17567219625234584	-0.2752118008425243	0.001	0	0
4.868200000003546e-08	0.945747668952762	0.1887915841331168	-0.2644207062282452	0.001	0	0
4.8783000000035576e-08	0.9462933755863513	0.20127581151731022	-0.25301408296133066	0.001	0	0
4.888400000003569e-08	0.9468339472672599	0.21309642246123586	-0.24102827215527114	0.001	0	0
4.8985000000035805e-08	0.9473694253250782	0.22422700185986036	-0.22850091114804968	0.001	0	0
4.908600000003592e-08	0.9478998508941952	0.23464323350790478	-0.21547082022648162	0.001	0	0
4.9187000000036034e-08	0.9484252649118561	0.2443229519147882	-0.2019778868072874	0.001	0	0
4.928800000003615e-08	0.9489457081162904	0.253246187765768	-0.18806294741835697	0.001	0	0
4.9389000000036263e-08	0.9494612210449144	0.2613952069405092	-0.17376766782795172	0.001	0	0
4.949000000003638e-08	0.9499718440326038	0.26875454301935425	-0.15913442167282976	0.001	0	0
4.959100000003649e-08	0.9504776172100388	0.27531102322667633	-0.1442061679385142	0.001	0	0
4.969200000003661e-08	0.9509785805021177	0.28105378777987855	-0.12902632764605776	0.001	0	0
4.979300000003672e-08	0.9514747736264388	0.2859743026317331	-0.113638660099812	0.001	0	0
4.9894000000036836e-08	0.9519662360918496	0.29006636561283006	-0.09808713904977595	0.001	0	0
4.999500000003695e-08	0.9524530071970616	0.2933261059998289	-0.08241582912015964	0.001	0	0
5.0096000000037065e-08	0.952935126029332	0.2957519775539535	-0.06666876285286116	0.001	0	0
5.019700000003718e-08	0.9534126314632057	0.29734474509267633	-0.05088981871058054	0.001	0	0
5.0298000000037294e-08	0.9538855621593254	0.2981074646757307	-0.03512260037937473	0.001	0	0
5.039900000003741e-08	0.9543539565632988	0.29804545750445843	-0.01941031770454588	0.001	0	0
5.050000000003752e-08	0.9548178529046285	0.29716627765094494	-0.0037956695869266442	0.001	0	0
5.060100000003764e-08	0.9552772891957024	0.29547967375040807	0.011679270841126615	0.001	0	0
5.070200000003775e-08	0.95573230323084	0.2929975448068123	0.026973168449354434	0.001	0	0
5.080300000003787e-08	0.956182932585399	0.28973389027764884	0.042045535451636015	0.001	0	0
5.090400000003798e-08	0.9566292146149376	0.2857047546192065	0.0568568375655642	0.001	0	0
5.1005000000038096e-08	0.9570711864544308	0.28092816648840735	0.07136859670975453	0.001	0	0
5.110600000003821e-08	0.9575088850175428	0.2754240728113718	0.08554348997092184	0.001	0	0
5.1207000000038325e-08	0.9579423469959523	0.269214267942249	0.09934544458529934	0.001	0	0
5.130800000003844e-08	0.9583716088587295	0.26232231814850004	0.11273972869217566	0.001	0	0
5.1409000000038554e-08	0.9587967068517662	0.25477348167067815	0.12569303763115108	0.001	0	0
5.151000000003867e-08	0.9592176769972531	0.24659462461581735	0.13817357556911572	0.001	0	0
5.161100000003878e-08	0.9596345550932099	0.2378141329537759	0.15015113225787188	0.001	0	0
5.17120000000389e-08	0.9600473767130628	0.22846182089525655	0.16159715473874248	0.001	0	0
5.181300000003901e-08	0.9604561772052669	0.2185688359387239	0.17248481382634961	0.001	0	0
5.1914000000039126e-08	0.9608609916929773	0.20816756088104774	0.18278906521995852	0.001	0	0
5.201500000003924e-08	0.9612618550737682	0.1972915130933799	0.1924867051073509	0.001	0	0
5.2116000000039356e-08	0.9616588020193902	0.18597524136956542	0.20155642014302888	0.001	0	0
5.221700000003947e-08	0.9620518669755763	0.17425422065917212	0.20997883169961112	0.001	0	0
5.2318000000039585e-08	0.9624410841618889	0.16216474500113676	0.21773653430852696	0.001	0	0
5.24190000000397e-08	0.9628264875716086	0.1497438189769509	0.22481412822348323	0.001	0	0
5.2520000000039814e-08	0.9632081109716624	0.13702904800427249	0.23119824605762573	0.001	0	0
5.262100000003993e-08	0.9635859879025955	0.1240585277929006	0.23687757346275282	0.001	0	0
5.272200000004004e-08	0.9639601516785781	0.1108707332851141	0.24184286383640047	0.001	0	0
5.282300000004016e-08	0.9643306353874529	0.09750440740151678	0.24608694705993828	0.001	0	0
5.292400000004027e-08	0.9646974718908188	0.08399844991173777	0.24960473228804134	0.001	0	0
5.3025000000040386e-08	0.9650606938241515	0.07039180674663165	0.2523932048269227	0.001	0	0
5.31260000000405e-08	0.9654203335969598	0.05672336006498983	0.25445141715551245	0.001	0	0
5.3227000000040615e-08	0.9657764233929752	0.043031819383278394	0.2557804741602838	0.001	0	0
5.332800000004073e-08	0.9661289951703784	0.029355614071538264	0.2563835126706149	0.001	0	0
5.3429000000040844e-08	0.9664780806620552	0.015732787512362748	0.25626567539738243	0.001	0	0
5.353000000004096e-08	0.9668237113758883	0.0022008932128265114	0.25543407939289575	0.001	0	0
5.3631000000041073e-08	0.9671659185950771	-0.011203106848599303	0.25389777916520506	0.001	0	0
5.373200000004119e-08	0.9675047333784914	-0.024442941366712333	0.25166772459426534	0.001	0	0
5.38330000000413e-08	0.9678401865610534	-0.03748312608172906	0.24875671381133044	0.001	0	0
5.393400000004142e-08	0.9681723087541487	-0.05028905712486231	0.2451793412162835	0.001	0	0
5.403500000004153e-08	0.9685011303460658	-0.06282710109397434	0.24095194082031646	0.001	0	0
5.4136000000041646e-08	0.9688266815024649	-0.07506468162728772	0.2360925251134403	0.001	0	0
5.423700000004176e-08	0.969148992166871	-0.08697036225506091	0.2306207196677072	0.001	0	0
5.4338000000041875e-08	0.969468092061195	-0.0985139253216205	0.2245576936977118	0.001	0	0
5.443900000004199e-08	0.9697840106862805	-0.10966644678311827	0.2179260868099005	0.001	0	0
5.4540000000042104e-08	0.9700967773224738	-0.12040036669985056	0.2107499321814285	0.001	0	0
5.464100000004222e-08	0.9704064210302203	-0.13068955525585574	0.20305457641773156	0.001	0	0
5.474200000004233e-08	0.9707129706506819	-0.14050937415276157	0.19486659634563477	0.001	0	0
5.484300000004245e-08	0.9710164548063785	-0.14983673323946556	0.18621371300562606	0.001	0	0
5.494400000004256e-08	0.9713169019018524	-0.15865014225411153	0.17712470311295148	0.001	0	0
5.504500000004268e-08	0.9716143401243522	-0.1669297575699601	0.16762930826234387	0.001	0	0
5.514600000004279e-08	0.9719087974445394	-0.17465742385208524	0.15775814215553968	0.001	0	0
5.5247000000042906e-08	0.9722003016172127	-0.18181671054729842	0.1475425961341996	0.001	0	0
5.534800000004302e-08	0.9724888801820565	-0.18839294314529884	0.13701474330347835	0.001	0	0
5.5449000000043135e-08	0.9727745604644027	-0.1943732291646849	0.12620724153327412	0.001	0	0
5.555000000004325e-08	0.9730573695760147	-0.19974647883310895	0.11515323562507637	0.001	0	0
5.5651000000043364e-08	0.9733373344158884	-0.20450342044647146	0.10388625893242437	0.001	0	0
5.575200000004348e-08	0.973614481671069	-0.20863661040759543	0.09244013472219878	0.001	0	0
5.585300000004359e-08	0.9738888378174873	-0.21214043796021498	0.08084887756237377	0.001	0	0
5.595400000004371e-08	0.9741604291208089	-0.21501112464935368	0.06914659501942047	0.001	0	0
5.605500000004382e-08	0.9744292816373008	-0.21724671855418715	0.05736738994531948	0.001	0	0
5.6156000000043937e-08	0.9746954212147125	-0.21884708335424402	0.04554526363011708	0.001	0	0
5.625700000004405e-08	0.9749588734931723	-0.21981388230426965	0.03371402009115096	0.001	0	0
5.6358000000044166e-08	0.9752196639060964	-0.2201505572071952	0.021907171764524492	0.001	0	0
5.645900000004428e-08	0.9754778176811114	-0.21986230248839955	0.010157846858125923	0.001	0	0
5.6560000000044395e-08	0.9757333598409912	-0.2189560344877945	-0.0015013013815060236	0.001	0	0
5.666100000004451e-08	0.9759863152046057	-0.21744035609913387	-0.013038183243830498	0.001	0	0
5.6762000000044624e-08	0.9762367083878802	-0.21532551689833668	-0.024421358734149475	0.001	0	0
5.686300000004474e-08	0.9764845638047683	-0.21262336891451686	-0.03562012113127058	0.001	0	0
5.696400000004485e-08	0.9767299056682339	-0.20934731820870617	-0.046604577705139164	0.001	0	0
5.706500000004497e-08	0.9769727579912462	-0.20551227243603565	-0.05734572738667537	0.001	0	0
5.716600000004508e-08	0.9772131445877811	-0.20113458457727595	-0.06781553519266266	0.001	0	0
5.7267000000045196e-08	0.9774510890738373	-0.19623199303515468	-0.07798700321962385	0.001	0	0
5.736800000004531e-08	0.9776866148684564	-0.19082355829974326	-0.08783423803216836	0.001	0	0
5.7469000000045425e-08	0.9779197451947568	-0.18492959639539233	-0.09733251428325192	0.001	0	0
5.757000000004554e-08	0.9781505030809706	-0.17857160932920177	-0.10645833441610936	0.001	0	0
5.7671000000045654e-08	0.978378911361495	-0.17177221276780877	-0.11518948431029546	0.001	0	0
5.777200000004577e-08	0.9786049926779457	-0.16455506117535693	-0.1235050847472165	0.001	0	0
5.7873000000045884e-08	0.9788287694802191	-0.15694477065084345	-0.131385638583746	0.001	0	0
5.7974000000046e-08	0.9790502640275642	-0.14896683970765576	-0.13881307353594002	0.001	0	0
5.807500000004611e-08	0.9792694983896573	-0.14064756824194521	-0.14577078048845632	0.001	0	0
5.817600000004623e-08	0.9794864944476843	-0.13201397493960898	-0.15224364725900225	0.001	0	0
5.827700000004634e-08	0.9797012738954294	-0.1230937133739658	-0.15821808776094465	0.001	0	0
5.8378000000046456e-08	0.9799138582403686	-0.11391498704781264	-0.16368206652106448	0.001	0	0
5.847900000004657e-08	0.9801242688047666	-0.10450646363437899	-0.16862511852330492	0.001	0	0
5.8580000000046685e-08	0.9803325267267823	-0.09489718867176705	-0.1730383643631713	0.001	0	0
5.86810000000468e-08	0.980538652961576	-0.08511649896480897	-0.17691452071120273	0.001	0	0
5.8782000000046914e-08	0.9807426682824201	-0.07519393594686576	-0.18024790609755176	0.001	0	0
5.888300000004703e-08	0.9809445932818162	-0.0651591592519686	-0.1830344420431932	0.001	0	0
5.898400000004714e-08	0.9811444483726133	-0.05504186074486153	-0.1852716495765563	0.001	0	0
5.908500000004726e-08	0.9813422537891306	-0.044871679252970226	-0.18695864118743377	0.001	0	0
5.918600000004737e-08	0.9815380295882823	-0.03467811624009694	-0.1880961082827944	0.001	0	0
5.928700000004749e-08	0.9817317956507055	-0.024490452656765492	-0.18868630422161958	0.001	0	0
5.93880000000476e-08	0.9819235716818909	-0.014337667196610952	-0.1887330230180174	0.001	0	0
5.9489000000047716e-08	0.982113377213314	-0.004248356182062444	-0.18824157381364923	0.001	0	0
5.959000000004783e-08	0.9823012316035702	0.005749344704173202	-0.18721875123188075	0.001	0	0
5.969100000004794e-08	0.9824871540395093	0.015627836632637934	-0.18567280173701034	0.001	0	0
5.979200000004805e-08	0.9826711635373739	0.02536013158432932	-0.1836133861324159	0.001	0	0
5.989300000004817e-08	0.9828532789439355	0.03491992385863706	-0.18105153834146478	0.001	0	0
5.999400000004828e-08	0.9830335189376341	0.04428165894792577	-0.177999620624517	0.001	0	0
6.00950000000484e-08	0.9832119020297179	0.053420599604004096	-0.17447127539431367	0.001	0	0
6.019600000004851e-08	0.9833884465653814	0.06231288893147249	-0.17048137380044154	0.001	0	0
6.029700000004863e-08	0.9835631707249068	0.07093561035308477	-0.16604596126139615	0.001	0	0
6.039800000004874e-08	0.9837360925248024	0.07926684430276412	-0.16118220012999357	0.001	0	0
6.049900000004885e-08	0.9839072298189429	0.08728572151274536	-0.1559083096845138	0.001	0	0
6.060000000004897e-08	0.9840766002997068	0.094972472772438	-0.15024350364396008	0.001	0	0
6.070100000004908e-08	0.9842442214991161	0.10230847504797896	-0.14420792541118116	0.001	0	0
6.08020000000492e-08	0.9844101107899719	0.10927629386305103	-0.1378225812523448	0.001	0	0
6.090300000004931e-08	0.9845742853869919	0.11585972185331239	-0.1311092716253035	0.001	0	0
6.100400000004943e-08	0.9847367623479437	0.12204381341872964	-0.1240905208728231	0.001	0	0
6.110500000004954e-08	0.9848975585747795	0.12781491541013235	-0.11678950549938563	0.001	0	0
6.120600000004966e-08	0.9850566908147659	0.13316069379843629	-0.10922998125237704	0.001	0	0
6.130700000004977e-08	0.9852141756616161	0.13807015628713296	-0.10143620922988274	0.001	0	0
6.140800000004989e-08	0.9853700295566157	0.14253367084080082	-0.09343288123807987	0.001	0	0
6.150900000005e-08	0.9855242687897496	0.14654298011452238	-0.08524504462132085	0.001	0	0
6.161000000005011e-08	0.9856769095008246	0.15009121178114618	-0.07689802678744381	0.001	0	0
6.171100000005023e-08	0.9858279676805911	0.15317288476528648	-0.06841735964966114	0.001	0	0
6.181200000005034e-08	0.985977459171861	0.15578391140477327	-0.05982870420453703	0.001	0	0
6.191300000005046e-08	0.9861253996706232	0.15792159557190644	-0.05115777546311761	0.001	0	0
6.201400000005057e-08	0.9862718047271568	0.1595846267983161	-0.042430267949205326	0.001	0	0
6.211500000005069e-08	0.986416689747141	0.16077307045843503	-0.03367178197511177	0.001	0	0
6.22160000000508e-08	0.9865600699927606	0.16148835407753334	-0.024907750900977337	0.001	0	0
6.231700000005092e-08	0.9867019605838103	0.16173324984091303	-0.0161633695789436	0.001	0	0
6.241800000005103e-08	0.9868423764987944	0.1615118533911809	-0.007463524178113943	0.001	0	0
6.251900000005115e-08	0.9869813325760236	0.16082955901049367	0.0011672764196280164	0.001	0	0
6.262000000005126e-08	0.9871188435147069	0.1596930312942625	0.009704967469245573	0.001	0	0
6.272100000005137e-08	0.9872549238760415	0.1581101734319954	0.018125993280768873	0.001	0	0
6.282200000005149e-08	0.9873895880842978	0.15609009221973189	0.026407370036553704	0.001	0	0
6.29230000000516e-08	0.9875228504279003	0.15364305993683813	0.03452674634574912	0.001	0	0
6.302400000005172e-08	0.9876547250605062	0.15078047322779214	0.0424624613822676	0.001	0	0
6.312500000005183e-08	0.9877852260020765	0.1475148091369573	0.05019360046104691	0.001	0	0
6.322600000005195e-08	0.9879143671399465	0.14385957845120972	0.05770004791623204	0.001	0	0
6.332700000005206e-08	0.9880421622298897	0.13982927651163557	0.06496253715405892	0.001	0	0
6.342800000005218e-08	0.988168624897178	0.1354393316613337	0.071962697762658	0.001	0	0
6.352900000005229e-08	0.9882937686376374	0.1307060515016345	0.07868309957068939	0.001	0	0
6.36300000000524e-08	0.9884176068186996	0.12564656713376587	0.08510729355663507	0.001	0	0
6.373100000005252e-08	0.9885401526804471	0.12027877556715978	0.09121984952067982	0.001	0	0
6.383200000005263e-08	0.9886614193366569	0.11462128047917977	0.09700639044137946	0.001	0	0
6.393300000005275e-08	0.9887814197758354	0.10869333151406815	0.10245362344971379	0.001	0	0
6.403400000005286e-08	0.9889001668622518	0.10251476231134973	0.10754936736361051	0.001	0	0
6.413500000005298e-08	0.9890176733369653	0.09610592745578819	0.11228257673658548	0.001	0	0
6.423600000005309e-08	0.9891339518188458	0.08948763854227236	0.11664336238474182	0.001	0	0
6.43370000000532e-08	0.9892490148055929	0.0826810995497117	0.1206230083669568	0.001	0	0
6.443800000005332e-08	0.9893628746747466	0.07570784171815295	0.12421398540365744	0.001	0	0
6.453900000005344e-08	0.9894755436846944	0.06858965812288753	0.12740996073008992	0.001	0	0
6.464000000005355e-08	0.989587033975673	0.06134853813832117	0.13020580439040275	0.001	0	0
6.474100000005366e-08	0.9896973575707653	0.054006601982823	0.1325975919891665	0.001	0	0
6.484200000005378e-08	0.9898065263768898	0.04658603553367345	0.13458260392709362	0.001	0	0
6.49430000000539e-08	0.9899145521857879	0.03910902559860088	0.13615932115770304	0.001	0	0
6.504400000005401e-08	0.9900214466750035	0.03159769582724964	0.13732741751143498	0.001	0	0
6.514500000005412e-08	0.9901272214088577	0.024074043442268288	0.13808774864326545	0.001	0	0
6.524600000005424e-08	0.9902318878394178	0.01655987696556324	0.13844233766914274	0.001	0	0
6.534700000005435e-08	0.9903354573074631	0.009076755110648753	0.13839435756557641	0.001	0	0
6.544800000005447e-08	0.9904379410434399	0.0016459270069562827	0.1379481104153966	0.001	0	0
6.554900000005458e-08	0.9905393501684168	-0.005711726083539912	0.1371090035910729	0.001	0	0
6.56500000000547e-08	0.9906396956950314	-0.012975747402941303	0.13588352297500028	0.001	0	0
6.575100000005481e-08	0.9907389885284301	-0.02012615953916016	0.13427920332380536	0.001	0	0
6.585200000005492e-08	0.9908372394672063	-0.0271435173313262	0.13230459589099425	0.001	0	0
6.595300000005504e-08	0.9909344592043283	-0.034008958704449976	0.12996923342911598	0.001	0	0
6.605400000005515e-08	0.9910306583280648	-0.04070425330628154	0.1272835926990508	0.001	0	0
6.615500000005527e-08	0.9911258473229037	-0.047211848826955456	0.12425905462003742	0.001	0	0
6.625600000005538e-08	0.9912200365704635	-0.053514914889939716	0.12090786219959723	0.001	0	0
6.63570000000555e-08	0.9913132363504026	-0.059597384410979656	0.11724307638760773	0.001	0	0
6.645800000005561e-08	0.9914054568413185	-0.06544399233012035	0.11327853000339369	0.001	0	0
6.655900000005573e-08	0.9914967081216447	-0.0710403116304841	0.10902877988884213	0.001	0	0
6.666000000005584e-08	0.9915870001705395	-0.07637278656623261	0.10450905744419811	0.001	0	0
6.676100000005596e-08	0.99167634286877	-0.0814287630310417	0.09973521770635249	0.001	0	0
6.686200000005607e-08	0.9917647459995911	-0.0861965160074249	0.09472368713209586	0.001	0	0
6.696300000005618e-08	0.991852219249616	-0.09066527404633506	0.08949141025096391	0.001	0	0
6.70640000000563e-08	0.9919387722096835	-0.09482524073562779	0.08405579535396074	0.001	0	0
6.716500000005641e-08	0.9920244143757185	-0.09866761312514799	0.07843465938559784	0.001	0	0
6.726600000005653e-08	0.9921091551495864	-0.10218459708539172	0.07264617220733838	0.001	0	0
6.736700000005664e-08	0.992193003839941	-0.10536941958584783	0.06670880040069344	0.001	0	0
6.746800000005676e-08	0.9922759696630692	-0.10821633788824415	0.060641250777879255	0.001	0	0
6.756900000005687e-08	0.9923580617437259	-0.1107206456589476	0.05446241376711983	0.001	0	0
6.767000000005699e-08	0.9924392891159663	-0.11287867601370746	0.0481913068383757	0.001	0	0
6.77710000000571e-08	0.9925196607239711	-0.11468780151672511	0.041847018133503625	0.001	0	0
6.787200000005721e-08	0.9925991854228655	-0.11614643116469515	0.03544865046261646	0.001	0	0
6.797300000005733e-08	0.9926778719795325	-0.11725400439493175	0.029015265825725573	0.001	0	0
6.807400000005744e-08	0.9927557290734217	-0.11801098216497363	0.02256583061562352	0.001	0	0
6.817500000005756e-08	0.9928327652973493	-0.11841883515911755	0.016119161654416465	0.001	0	0
6.827600000005767e-08	0.9929089891582958	-0.1184800291851412	0.00969387321215743	0.001	0	0
6.837700000005779e-08	0.9929844090781954	-0.11819800783202926	0.003308325151680861	0.001	0	0
6.84780000000579e-08	0.9930590333947198	-0.11757717246678132	-0.0030194276609926607	0.001	0	0
6.857900000005802e-08	0.9931328703620573	-0.11662285965535135	-0.009271684546398956	0.001	0	0
6.868000000005813e-08	0.9932059281516856	-0.1153413160994117	-0.015431146672668851	0.001	0	0
6.878100000005825e-08	0.9932782148531385	-0.11373967118695344	-0.021480963064762618	0.001	0	0
6.888200000005836e-08	0.9933497384747667	-0.11182590726069633	-0.027404774844853028	0.001	0	0
6.898300000005847e-08	0.9934205069444937	-0.10960882771388472	-0.03318675759314478	0.001	0	0
6.908400000005859e-08	0.993490528110565	-0.10709802302826633	-0.03881166172501062	0.001	0	0
6.91850000000587e-08	0.9935598097422922	-0.10430383487389217	-0.04426485078715657	0.001	0	0
6.928600000005882e-08	0.9936283595307907	-0.10123731839481194	-0.04953233758257526	0.001	0	0
6.938700000005893e-08	0.9936961850897128	-0.09791020280876839	-0.054600818041284783	0.001	0	0
6.948800000005905e-08	0.9937632939559742	-0.0943348504526155	-0.05945770276126022	0.001	0	0
6.958900000005916e-08	0.9938296935904746	-0.09052421440837696	-0.06409114615151618	0.001	0	0
6.969000000005928e-08	0.993895391378814	-0.08649179484763123	-0.06849007311697987	0.001	0	0
6.979100000005939e-08	0.9939603946320018	-0.08225159423424994	-0.07264420323256507	0.001	0	0
6.98920000000595e-08	0.9940247105871609	-0.0778180715274227	-0.07654407236171057	0.001	0	0
6.999300000005962e-08	0.9940883464082273	-0.07320609552837089	-0.08018105168254577	0.001	0	0
7.009400000005973e-08	0.9941513091866417	-0.06843089751519604	-0.08354736409277702	0.001	0	0
7.019500000005985e-08	0.9942136059420383	-0.06350802331091415	-0.0866360979723188	0.001	0	0
7.029600000005996e-08	0.9942752436229256	-0.05845328492990204	-0.08944121829060908	0.001	0	0
7.039700000006008e-08	0.9943362291073636	-0.05328271194773616	-0.09195757505341987	0.001	0	0
7.049800000006019e-08	0.9943965692036346	-0.04801250273873171	-0.09418090909177759	0.001	0	0
7.059900000006031e-08	0.9944562706509084	-0.04265897572440798	-0.09610785520333223	0.001	0	0
7.070000000006042e-08	0.9945153401199026	-0.03723852077461205	-0.09773594266412186	0.001	0	0
7.080100000006054e-08	0.9945737842135373	-0.031767550901145844	-0.09906359313615926	0.001	0	0
7.090200000006065e-08	0.994631609467584	-0.026262454381458498	-0.10009011600360213	0.001	0	0
7.100300000006077e-08	0.9946888223513098	-0.0207395474473116	-0.10081570117742494	0.001	0	0
7.110400000006088e-08	0.9947454292681162	-0.015215027670298063	-0.10124140941548382	0.001	0	0
7.1205000000061e-08	0.9948014365561713	-0.009704928172717495	-0.1013691602116256	0.001	0	0
7.130600000006111e-08	0.9948568504890389	-0.004225072788591677	-0.10120171731403335	0.001	0	0
7.140700000006122e-08	0.9949116772763011	0.0012089677044434706	-0.1007426719392919	0.001	0	0
7.150800000006134e-08	0.9949659230641745	0.00658191816598892	-0.09999642375469472	0.001	0	0
7.160900000006145e-08	0.9950195939361242	0.011878840374749426	-0.09896815970707491	0.001	0	0
7.171000000006157e-08	0.9950726959134691	0.017085172904619864	-0.09766383078192101	0.001	0	0
7.181100000006168e-08	0.9951252349559858	0.022186769493387423	-0.09609012678171026	0.001	0	0
7.19120000000618e-08	0.9951772169625035	0.027169935807881886	-0.0942544492172539	0.001	0	0
7.201300000006191e-08	0.9952286477714969	0.032021464515067564	-0.09216488241039089	0.001	0	0
7.211400000006203e-08	0.9952795331616722	0.03672866857443823	-0.08983016291056575	0.001	0	0
7.221500000006214e-08	0.995329878852549	0.0412794126731298	-0.08725964733169328	0.001	0	0
7.231600000006225e-08	0.9953796905050372	0.04566214273138901	-0.08446327871922286	0.001	0	0
7.241700000006237e-08	0.9954289737220074	0.04986591341240388	-0.08145155156046935	0.001	0	0
7.251800000006248e-08	0.9954777340488594	0.05388041357700023	-0.07823547555406973	0.001	0	0
7.26190000000626e-08	0.9955259769740818	0.05769598963030895	-0.07482653825685372	0.001	0	0
7.272000000006271e-08	0.9955737079298106	0.06130366671420308	-0.07123666672846543	0.001	0	0
7.282100000006283e-08	0.9956209322923801	0.0646951677060566	-0.06747818829576292	0.001	0	0
7.292200000006294e-08	0.9956676553828707	0.06786292999118027	-0.06356379056032432	0.001	0	0
7.302300000006306e-08	0.9957138824676506	0.0708001199831169	-0.05950648077333181	0.001	0	0
7.312400000006317e-08	0.995759618758914	0.07350064537281147	-0.055319544702660706	0.001	0	0
7.322500000006328e-08	0.9958048694152124	0.07595916509448634	-0.0510165051171996	0.001	0	0
7.33260000000634e-08	0.9958496395419858	0.07817109700283928	-0.04661108001324925	0.001	0	0
7.342700000006351e-08	0.9958939341920823	0.08013262326290535	-0.042117140707312734	0.001	0	0
7.352800000006363e-08	0.9959377583662794	0.08184069346058256	-0.037548669918693614	0.001	0	0
7.362900000006374e-08	0.9959811170137973	0.08329302544838299	-0.03291971996407542	0.001	0	0
7.373000000006386e-08	0.9960240150328088	0.0844881039474239	-0.028244371184663164	0.001	0	0
7.383100000006397e-08	0.9960664572709432	0.08542517693299853	-0.023536690724545027	0.001	0	0
7.393200000006409e-08	0.9961084485257882	0.08610424983724693	-0.018810691776679843	0.001	0	0
7.40330000000642e-08	0.9961499935453844	0.08652607760846295	-0.014080293410346823	0.001	0	0
7.413400000006432e-08	0.9961910970287181	0.08669215467241696	-0.009359281091021845	0.001	0	0
7.423500000006443e-08	0.9962317636262072	0.0866047028467187	-0.004661268000473894	0.001	0	0
7.433600000006454e-08	0.9962719979401844	0.08626665726468569	3.4273857329718423e-07	0.001	0	0
7.443700000006466e-08	0.9963118045253752	0.08568165037040294	0.004612394832589463	0.001	0	0
7.453800000006477e-08	0.9963511878893718	0.08485399405164179	0.009162014485545308	0.001	0	0
7.463900000006489e-08	0.9963901524931031	0.08378865998204613	0.013636644872944241	0.001	0	0
7.4740000000065e-08	0.9964287027512988	0.08249125824847496	0.018024079333585203	0.001	0	0
7.484100000006512e-08	0.9964668430329513	0.08096801434360208	0.022312493195715925	0.001	0	0
7.494200000006523e-08	0.9965045776617727	0.07922574460781046	0.026490474159083732	0.001	0	0
7.504300000006535e-08	0.9965419109166469	0.07727183020806638	0.030547051159417846	0.001	0	0
7.514400000006546e-08	0.9965788470320778	0.07511418974481478	0.034471721647065454	0.001	0	0
7.524500000006558e-08	0.9966153901986339	0.07276125058099239	0.038254477216839014	0.001	0	0
7.534600000006569e-08	0.9966515445633886	0.07022191899000099	0.04188582753159445	0.001	0	0
7.54470000000658e-08	0.9966873142303563	0.06750554922192284	0.04535682248763408	0.001	0	0
7.554800000006592e-08	0.9967227032609238	0.0646219115893801	0.048659072575695045	0.001	0	0
7.564900000006603e-08	0.9967577156742793	0.06158115967624441	0.05178476739702903	0.001	0	0
7.575000000006615e-08	0.9967923554478357	0.05839379677388609	0.054726692299878824	0.001	0	0
7.585100000006626e-08	0.9968266265176511	0.05507064165081415	0.05747824310750209	0.001	0	0
7.595200000006638e-08	0.9968605327788451	0.0516227937624015	0.060033438914758874	0.001	0	0
7.605300000006649e-08	0.9968940780860102	0.0480615980079081	0.062386932936150996	0.001	0	0
7.61540000000666e-08	0.9969272662536217	0.04439860914221948	0.06453402139406361	0.001	0	0
7.625500000006672e-08	0.9969601010564408	0.04064555594960351	0.06647065044179162	0.001	0	0
7.635600000006684e-08	0.9969925862299163	0.036814305286363966	0.06819342112172265	0.001	0	0
7.645700000006695e-08	0.9970247254705817	0.03291682609853623	0.0696995923647731	0.001	0	0
7.655800000006706e-08	0.9970565224364476	0.02896515351973451	0.07098708204282578	0.001	0	0
7.665900000006718e-08	0.9970879807473921	0.024971353152930337	0.07205446609147098	0.001	0	0
7.676000000006729e-08	0.9971191039855463	0.02094748563832033	0.0729009757258014	0.001	0	0
7.686100000006741e-08	0.9971498956956767	0.016905571607540422	0.0735264927773366	0.001	0	0
7.696200000006752e-08	0.9971803593855633	0.01285755712230853	0.0739315431853359	0.001	0	0
7.706300000006764e-08	0.9972104985263754	0.008815279693140582	0.07411728868079936	0.001	0	0
7.716400000006775e-08	0.9972403165530426	0.004790434971091191	0.07408551670632221	0.001	0	0
7.726500000006787e-08	0.9972698168646219	0.0007945442025368557	0.07383862861966553	0.001	0	0
7.736600000006798e-08	0.9972990028246638	-0.0031610774661491423	0.07337962623340978	0.001	0	0
7.74670000000681e-08	0.9973278777615718	-0.007065351750567843	0.07271209674736362	0.001	0	0
7.756800000006821e-08	0.99735644496896	-0.010907466977046011	0.07184019613449583	0.001	0	0
7.766900000006832e-08	0.9973847077060081	-0.014676906742093368	0.070768631045031	0.001	0	0
7.777000000006844e-08	0.9974126691978102	-0.01836347741046538	0.06950263929699692	0.001	0	0
7.787100000006855e-08	0.9974403326357243	-0.021957334383874177	0.06804796902491839	0.001	0	0
7.797200000006867e-08	0.997467701177714	-0.025449007076687916	0.0664108565615151	0.001	0	0
7.807300000006878e-08	0.997494777948691	-0.028829422539398367	0.06459800313017289	0.001	0	0
7.81740000000689e-08	0.9975215660408508	-0.03208992767520065	0.06261655042861035	0.001	0	0
7.827500000006901e-08	0.9975480685140081	-0.03522230999970721	0.06047405518655595	0.001	0	0
7.837600000006913e-08	0.9975742883959262	-0.03821881689859069	0.0581784627823711	0.001	0	0
7.847700000006924e-08	0.9976002286826462	-0.04107217334280738	0.05573808000541376	0.001	0	0
7.857800000006935e-08	0.9976258923388103	-0.043775598025974756	0.05316154705251379	0.001	0	0
7.867900000006947e-08	0.9976512822979833	-0.04632281789345137	0.05045780884824064	0.001	0	0
7.878000000006958e-08	0.9976764014629711	-0.048708081037678555	0.04763608577967393	0.001	0	0
7.88810000000697e-08	0.9977012527061355	-0.05092616793937608	0.04470584393714247	0.001	0	0
7.898200000006981e-08	0.9977258388697063	-0.05297240103922478	0.04167676495287983	0.001	0	0
7.908300000006993e-08	0.9977501627660903	-0.0548426526296978	0.038558715529748426	0.001	0	0
7.918400000007004e-08	0.9977742271781769	-0.05653335106171567	0.03536171675212308	0.001	0	0
7.928500000007016e-08	0.9977980348596418	-0.05804148526576758	0.03209591327068986	0.001	0	0
7.938600000007027e-08	0.9978215885352459	-0.05936460759206533	0.028771542452321573	0.001	0	0
7.948700000007039e-08	0.9978448909011337	-0.0605008349791509	0.025398903585332797	0.001	0	0
7.95880000000705e-08	0.9978679446251263	-0.061448848465155755	0.021988327229307422	0.001	0	0
7.968900000007061e-08	0.9978907523470131	-0.06220789106059528	0.018550144797330748	0.001	0	0
7.979000000007073e-08	0.9979133166788402	-0.06277776400616412	0.015094658456856893	0.001	0	0
7.989100000007084e-08	0.9979356402051962	-0.06315882144346123	0.01163211143360451	0.001	0	0
7.999200000007096e-08	0.9979577254834944	-0.06335196353091023	0.008172658800810598	0.001	0	0
8.009300000007107e-08	0.9979795750442532	-0.06335862804133616	0.004726338833888604	0.001	0	0
8.019400000007119e-08	0.9980011913913729	-0.0631807804817073	0.0013030450080456397	0.001	0	0
8.02950000000713e-08	0.9980225770024109	-0.06282090277943153	-0.0020875012862797884	0.001	0	0
8.039600000007142e-08	0.9980437343288523	-0.06228198058331594	-0.005435777238180202	0.001	0	0
8.049700000007153e-08	0.9980646657963803	-0.06156748923082826	-0.008732484252325246	0.001	0	0
8.059800000007165e-08	0.9980853738051416	-0.06068137843664995	-0.01196857266060631	0.001	0	0
8.069900000007176e-08	0.9981058607300104	-0.059628055760657564	-0.015135265447083743	0.001	0	0
8.080000000007187e-08	0.9981261289208498	-0.05841236891642039	-0.0182240809274762	0.001	0	0
8.090100000007199e-08	0.9981461807027703	-0.057039586984038576	-0.021226854328100786	0.001	0	0
8.10020000000721e-08	0.9981660183763852	-0.05551538059367191	-0.024135758212965368	0.001	0	0
8.110300000007222e-08	0.998185644218065	-0.053845801148409436	-0.026943321711614843	0.001	0	0
8.120400000007233e-08	0.9982050604801875	-0.05203725915721142	-0.029642448504333195	0.001	0	0
8.130500000007245e-08	0.9982242693913868	-0.05009650175050383	-0.03222643352538533	0.001	0	0
8.140600000007256e-08	0.9982432731567983	-0.04803058945262442	-0.03468897834913875	0.001	0	0
8.150700000007268e-08	0.9982620739583039	-0.045846872286704574	-0.037024205228118355	0.001	0	0
8.160800000007279e-08	0.9982806739547709	-0.043552965288720394	-0.03922666975630771	0.001	0	0
8.17090000000729e-08	0.9982990752822924	-0.04115672350836093	-0.04129137213530261	0.001	0	0
8.181000000007302e-08	0.9983172800544231	-0.03866621657503793	-0.04321376702523602	0.001	0	0
8.191100000007313e-08	0.9983352903624119	-0.03608970290780328	-0.04498977196671275	0.001	0	0
8.201200000007325e-08	0.9983531082754354	-0.03343560364814741	-0.04661577436430782	0.001	0	0
8.211300000007336e-08	0.9983707358408263	-0.030712476394624797	-0.048088637026477976	0.001	0	0
8.221400000007348e-08	0.9983881750842996	-0.02792898881799915	-0.04940570226100356	0.001	0	0
8.231500000007359e-08	0.9984054280101782	-0.025093892235114906	-0.05056479452929966	0.001	0	0
8.241600000007371e-08	0.9984224966016152	-0.022215995218997354	-0.051564221667107446	0.001	0	0
8.251700000007382e-08	0.9984393828208136	-0.01930413732175775	-0.05240277468317786	0.001	0	0
8.261800000007394e-08	0.9984560886092444	-0.016367162985741403	-0.05307972615158708	0.001	0	0
8.271900000007405e-08	0.9984726158878624	-0.013413895717009301	-0.053594827217261484	0.001	0	0
8.282000000007416e-08	0.9984889665573199	-0.01045311259369466	-0.05394830323812764	0.001	0	0
8.292100000007428e-08	0.9985051424981781	-0.007493519180032135	-0.05414084809103478	0.001	0	0
8.30220000000744e-08	0.9985211455711156	-0.004543724914923454	-0.05417361717220747	0.001	0	0
8.312300000007451e-08	0.998536977617137	-0.0016122190417911938	-0.05404821912647076	0.001	0	0
8.322400000007462e-08	0.9985526404577765	0.0012926528558143283	-0.05376670634283584	0.001	0	0
8.332500000007474e-08	0.9985681358953018	0.004162711650839347	-0.05333156425723693	0.001	0	0
8.342600000007485e-08	0.9985834657129149	0.00698996674217159	-0.052745699506257536	0.001	0	0
8.352700000007497e-08	0.998598631674951	0.009766637340246055	-0.05201242697857432	0.001	0	0
8.362800000007508e-08	0.9986136355270748	0.012485172915038974	-0.051135455813566585	0.001	0	0
8.37290000000752e-08	0.9986284789964762	0.015138272755690635	-0.050118874399088714	0.001	0	0
8.383000000007531e-08	0.998643163792063	0.017718904594127886	-0.04896713442277219	0.001	0	0
8.393100000007542e-08	0.9986576916046512	0.020220322248292254	-0.04768503403340922	0.001	0	0
8.403200000007554e-08	0.9986720641071553	0.022636082243911317	-0.04627770017096852	0.001	0	0
8.413300000007565e-08	0.998686282954774	0.024960059377165864	-0.04475057012559715	0.001	0	0
8.423400000007577e-08	0.9987003497851764	0.0271864611840955	-0.043109372387575395	0.001	0	0
8.433500000007588e-08	0.9987142662186848	0.029309841286136284	-0.04136010685160055	0.001	0	0
8.4436000000076e-08	0.9987280338584563	0.03132511158478938	-0.0395090244399908	0.001	0	0
8.453700000007611e-08	0.9987416542906626	0.03322755328206224	-0.0375626062104083	0.001	0	0
8.463800000007623e-08	0.9987551290846668	0.03501282670699965	-0.035527542014511485	0.001	0	0
8.473900000007634e-08	0.998768459793201	0.03667697993231286	-0.033410708774551365	0.001	0	0
8.484000000007646e-08	0.9987816479525389	0.038216456168816526	-0.031219148445330885	0.001	0	0
8.494100000007657e-08	0.9987946950826687	0.03962809992907827	-0.028960045729150043	0.001	0	0
8.504200000007668e-08	0.9988076026874646	0.040909161955370144	-0.026640705611362357	0.001	0	0
8.51430000000768e-08	0.9988203722548541	0.04205730291066724	-0.02426853078397388	0.001	0	0
8.524400000007691e-08	0.9988330052569858	0.043070595835062814	-0.021850999024328452	0.001	0	0
8.534500000007703e-08	0.9988455031503958	0.04394752737354604	-0.019395640595340678	0.001	0	0
8.544600000007714e-08	0.9988578673761697	0.04468699778461066	-0.016910015732971927	0.001	0	0
8.554700000007726e-08	0.9988700993601058	0.04528831974261989	-0.014401692285690958	0.001	0	0
8.564800000007737e-08	0.9988822005128755	0.04575121595023594	-0.011878223569531046	0.001	0	0
8.574900000007749e-08	0.9988941722301812	0.046075815580520964	-0.009347126501050799	0.001	0	0
8.58500000000776e-08	0.9989060158929144	0.0462626495715239	-0.006815860069033154	0.001	0	0
8.595100000007772e-08	0.9989177328673107	0.04631264479927306	-0.00429180420412295	0.001	0	0
8.605200000007783e-08	0.9989293245051039	0.04622711715809297	-0.0017822391038131474	0.001	0	0
8.615300000007794e-08	0.9989407921436777	0.04600776358004498	0.000705674931748367	0.001	0	0
8.625400000007806e-08	0.998952137106218	0.045656653028047986	0.003164917099739633	0.001	0	0
8.635500000007817e-08	0.9989633607018601	0.04517621649986549	0.005588625079254728	0.001	0	0
8.645600000007829e-08	0.998974464225838	0.04456923608263498	0.007970113351664435	0.001	0	0
8.65570000000784e-08	0.9989854489596295	0.04383883309996493	0.010302890810365917	0.001	0	0
8.665800000007852e-08	0.998996316171102	0.0429884553958269	0.012580677616106407	0.001	0	0
8.675900000007863e-08	0.999007067114654	0.04202186380151782	0.014797421256733032	0.001	0	0
8.686000000007875e-08	0.9990177030313585	0.040943117833861224	0.016947311772979978	0.001	0	0
8.696100000007886e-08	0.9990282251491025	0.03975656067454633	0.019024796114745675	0.001	0	0
8.706200000007897e-08	0.9990386346827247	0.03846680348207104	0.021024591595228157	0.001	0	0
8.716300000007909e-08	0.9990489328341554	0.03707870908915697	0.022941698413266088	0.001	0	0
8.72640000000792e-08	0.9990591207925499	0.03559737513973357	0.024771411217267603	0.001	0	0
8.736500000007932e-08	0.9990691997344241	0.034028116720650425	0.026509329687188797	0.001	0	0
8.746600000007943e-08	0.9990791708237883	0.03237644854416365	0.028151368114139583	0.001	0	0
8.756700000007955e-08	0.9990890352122773	0.03064806673795749	0.02969376396033685	0.001	0	0
8.766800000007966e-08	0.9990987940392824	0.028848830300003875	0.03113308538528465	0.001	0	0
8.776900000007978e-08	0.9991084484320791	0.026984742275931128	0.03246623772722748	0.001	0	0
8.787000000007989e-08	0.9991179995059567	0.025061930716769237	0.0336904689320887	0.001	0	0
8.797100000008e-08	0.999127448364342	0.023086629474964177	0.03480337392525959	0.001	0	0
8.807200000008012e-08	0.9991367960989267	0.02106515889641039	0.03580289792474009	0.001	0	0
8.817300000008023e-08	0.9991460437897903	0.019003906465938344	0.036687338697236074	0.001	0	0
8.827400000008035e-08	0.9991551925055224	0.01690930746322024	0.03745534776188751	0.001	0	0
8.837500000008046e-08	0.9991642433033443	0.014787825685418483	0.038105930549321	0.001	0	0
8.847600000008058e-08	0.9991731972292284	0.012645934292108883	0.03863844552668952	0.001	0	0
8.857700000008069e-08	0.9991820553180182	0.010490096827061562	0.03905260230226348	0.001	0	0
8.867800000008081e-08	0.9991908185935441	0.00832674847036563	0.03934845872597315	0.001	0	0
8.877900000008092e-08	0.9991994880687409	0.006162277573142316	0.039526417005056436	0.001	0	0
8.888000000008104e-08	0.9992080647457624	0.004003007525710112	0.03958721885663721	0.001	0	0
8.898100000008115e-08	0.9992165496160955	0.0018551790085505845	0.03953193972163674	0.001	0	0
8.908200000008127e-08	0.9992249436606726	-0.0002750673262187245	0.039361982066900975	0.001	0	0
8.918300000008138e-08	0.999233247849983	-0.0023817076969226136	0.03907906780480072	0.001	0	0
8.92840000000815e-08	0.999241463144184	-0.004458851513895622	0.03868522986182539	0.001	0	0
8.938500000008161e-08	0.999249590493209	-0.006500757138464799	0.03818280292983929	0.001	0	0
8.948600000008172e-08	0.999257630836877	-0.008501847039364031	0.037574413435695314	0.001	0	0
8.958700000008184e-08	0.9992655851049976	-0.010456722308780643	0.03686296876680319	0.001	0	0
8.968800000008195e-08	0.9992734542174788	-0.012360176502506422	0.03605164579201797	0.001	0	0
8.978900000008207e-08	0.9992812390844306	-0.014207208771016295	0.03514387871885426	0.001	0	0
8.989000000008218e-08	0.9992889406062686	-0.0159930362507207	0.03414334632952898	0.001	0	0
8.99910000000823e-08	0.9992965596738173	-0.017713105687124378	0.033053958639697886	0.001	0	0
9.009200000008241e-08	0.9993040971684111	-0.01936310426416741	0.031879843024965986	0.001	0	0
9.019300000008253e-08	0.9993115539619941	-0.020938969616614726	0.030625329861326767	0.001	0	0
9.029400000008264e-08	0.9993189309172209	-0.022436899004991538	0.029294937726610785	0.001	0	0
9.039500000008275e-08	0.9993262288875537	-0.02385335763522413	0.027893358210803437	0.001	0	0
9.049600000008287e-08	0.9993334487173604	-0.025185086107832245	0.026425440383723804	0.001	0	0
9.059700000008298e-08	0.9993405912420101	-0.026429106984220886	0.024896174969038527	0.001	0	0
9.06980000000831e-08	0.9993476572879694	-0.027582730460328452	0.023310678273920422	0.001	0	0
9.079900000008321e-08	0.9993546476728958	-0.02864355914059802	0.02167417592384853	0.001	0	0
9.090000000008333e-08	0.9993615632057313	-0.02960949190793839	0.019991986452087385	0.001	0	0
9.100100000008344e-08	0.999368404686795	-0.030478726888025862	0.018269504793279087	0.001	0	0
9.110200000008356e-08	0.9993751729078741	-0.03124976350895952	0.01651218573033455	0.001	0	0
9.120300000008367e-08	0.9993818686523148	-0.03192140365991092	0.014725527343422123	0.001	0	0
9.130400000008378e-08	0.9993884926951108	-0.032492751955000385	0.012915054509325046	0.001	0	0
9.14050000000839e-08	0.9993950458029928	-0.03296321511117688	0.011086302498777699	0.001	0	0
9.150600000008401e-08	0.9994015287345159	-0.033332500451370754	0.009244800718596478	0.001	0	0
9.160700000008413e-08	0.9994079422401458	-0.03360061354662092	0.007396056644499336	0.001	0	0
9.170800000008424e-08	0.9994142870623455	-0.03376785501324488	0.005545539989462223	0.001	0	0
9.180900000008436e-08	0.9994205639356585	-0.03383481648341499	0.003698667151294351	0.001	0	0
9.191000000008447e-08	0.9994267735867948	-0.03380237576972003	0.0018607859818335851	0.001	0	0
9.201100000008459e-08	0.9994329167347125	-0.03367169124642447	3.71609187722242e-05	0.001	0	0
9.21120000000847e-08	0.9994389940907014	-0.03344419547218204	-0.0017670414803725091	0.001	0	0
9.221300000008482e-08	0.9994450063584625	-0.03312158808090822	-0.00354676656422424	0.001	0	0
9.231400000008493e-08	0.99945095423419	-0.03270582796936928	-0.005297085137219348	0.001	0	0
9.241500000008504e-08	0.999456838406651	-0.0321991248117912	-0.0070132064985315885	0.001	0	0
9.251600000008516e-08	0.9994626595572633	-0.03160392993343472	-0.008690490937654317	0.001	0	0
9.261700000008527e-08	0.9994684183601744	-0.030922926576610447	-0.010324461655978771	0.001	0	0
9.271800000008539e-08	0.9994741154823377	-0.03015901959402532	-0.011910816085709467	0.001	0	0
9.28190000000855e-08	0.9994797515835903	-0.029315324605650426	-0.013445436579522407	0.001	0	0
9.292000000008562e-08	0.9994853273167269	-0.02839515665647902	-0.014924400446492214	0.001	0	0
9.302100000008573e-08	0.9994908433275757	-0.02740201841360201	-0.016343989311983532	0.001	0	0
9.312200000008585e-08	0.9994963002550723	-0.02633958794196211	-0.017700697781413116	0.001	0	0
9.322300000008596e-08	0.9995016987313327	-0.02521170609895744	-0.018991241390035208	0.001	0	0
9.332400000008608e-08	0.9995070393817254	-0.024022363588748617	-0.02021256382317715	0.001	0	0
9.342500000008619e-08	0.9995123228249436	-0.02277568771768102	-0.021361843393647804	0.001	0	0
9.35260000000863e-08	0.9995175496730762	-0.021475928892663153	-0.022436498765350556	0.001	0	0
9.362700000008642e-08	0.9995227205316775	-0.02012744690464617	-0.023434193914450646	0.001	0	0
9.372800000008653e-08	0.999527835999837	-0.01873469703952655	-0.024352842321763265	0.001	0	0
9.382900000008665e-08	0.9995328966702477	-0.017302216058845334	-0.02519061039234117	0.001	0	0
9.393000000008676e-08	0.999537903129275	-0.01583460809258569	-0.025945920100537766	0.001	0	0
9.403100000008688e-08	0.9995428559570229	-0.014336530486174105	-0.026617450861101868	0.001	0	0
9.413200000008699e-08	0.9995477557274011	-0.012812679643475645	-0.027204140629112316	0.001	0	0
9.42330000000871e-08	0.9995526030081907	-0.011267776907138398	-0.027705186233781542	0.001	0	0
9.433400000008722e-08	0.9995573983611099	-0.009706554517091546	-0.028120042953339953	0.001	0	0
9.443500000008734e-08	0.9995621423418776	-0.008133741687337933	-0.02844842334035	0.001	0	0
9.453600000008745e-08	0.9995668355002776	-0.00655405084040743	-0.02869029530888787	0.001	0	0
9.463700000008756e-08	0.9995714783802219	-0.004972164037957154	-0.02884587949706126	0.001	0	0
9.473800000008768e-08	0.9995760715198132	-0.0033927196450207584	-0.0289156459203046	0.001	0	0
9.48390000000878e-08	0.9995806154514065	-0.0018202992643265403	-0.02890030993279663	0.001	0	0
9.494000000008791e-08	0.99958511070167	-0.00025941497592664166	-0.02880082751617978	0.001	0	0
9.504100000008802e-08	0.9995895577916462	0.001285503083887783	-0.028618389916519424	0.001	0	0
9.514200000008814e-08	0.999593957236811	0.002810118771764003	-0.028354417652119324	0.001	0	0
9.524300000008825e-08	0.9995983095471339	0.004310201583370237	-0.028010553916403988	0.001	0	0
9.534400000008837e-08	0.9996026152271362	0.005781637866705493	-0.0275886574015861	0.001	0	0
9.544500000008848e-08	0.9996068747759481	0.0072204415745392506	-0.027090794570252187	0.001	0	0
9.55460000000886e-08	0.9996110886873677	0.008622764529528747	-0.02651923140332162	0.001	0	0
9.564700000008871e-08	0.9996152574499165	0.009984906177266762	-0.025876424654057654	0.001	0	0
9.574800000008882e-08	0.9996193815468961	0.01130332280427171	-0.025165012638934323	0.001	0	0
9.584900000008894e-08	0.9996234614564439	0.012574636199739276	-0.024387805597185157	0.001	0	0
9.595000000008905e-08	0.9996274976515874	0.013795641741724481	-0.023547775651778173	0.001	0	0
9.605100000008917e-08	0.9996314906002997	0.014963315890309813	-0.02264804640537542	0.001	0	0
9.615200000008928e-08	0.9996354407655521	0.016074823072232066	-0.02169188220554183	0.001	0	0
9.62530000000894e-08	0.9996393486053685	0.017127521943382754	-0.02068267711406683	0.001	0	0
9.635400000008951e-08	0.9996432145728776	0.018118971017558036	-0.019623943615753776	0.001	0	0
9.645500000008963e-08	0.9996470391163647	0.01904693365180761	-0.018519301102414037	0.001	0	0
9.655600000008974e-08	0.9996508226793237	0.019909382380713887	-0.017372464168077147	0.001	0	0
9.665700000008985e-08	0.9996545657005083	0.020704502593913904	-0.016187230751594145	0.001	0	0
9.675800000008997e-08	0.9996582686139819	0.021430695553155063	-0.014967470162870092	0.001	0	0
9.685900000009008e-08	0.9996619318491686	0.022086580747142592	-0.013717111028913653	0.001	0	0
9.69600000000902e-08	0.9996655558309013	0.022670997584388064	-0.012440129195739204	0.001	0	0
9.706100000009031e-08	0.9996691409794719	0.023183006426198412	-0.011140535621900143	0.001	0	0
9.716200000009043e-08	0.9996726877106786	0.023621888963847662	-0.009822364299074026	0.001	0	0
9.726300000009054e-08	0.9996761964358749	0.02398714794584474	-0.0084896602346625	0.001	0	0
9.736400000009066e-08	0.9996796675620157	0.024278506263044092	-0.007146467530814216	0.001	0	0
9.746500000009077e-08	0.9996831014917054	0.024495905401137698	-0.005796817593629328	0.001	0	0
9.756600000009089e-08	0.9996864986232434	0.024639503271810602	-0.004444717505563454	0.001	0	0
9.7667000000091e-08	0.9996898593506709	0.024709671435536155	-0.003094138593219339	0.001	0	0
9.776800000009111e-08	0.9996931840638152	0.024706991730622872	-0.001749005221800166	0.001	0	0
9.786900000009123e-08	0.9996964731483352	0.024632252324701953	-0.00041318384650228615	0.001	0	0
9.797000000009134e-08	0.9996997269857663	0.024486443206357466	0.0009095276499485606	0.001	0	0
9.807100000009146e-08	0.9997029459535633	0.02427075113604516	0.002215410305560936	0.001	0	0
9.817200000009157e-08	0.9997061304251451	0.023986554076819842	0.003500834086301889	0.001	0	0
9.827300000009169e-08	0.9997092807699364	0.023635415126689853	0.004762267526724666	0.001	0	0
9.83740000000918e-08	0.9997123973534119	0.02321907597563843	0.005996286979786348	0.001	0	0
9.847500000009192e-08	0.9997154805371371	0.02273944991149244	0.007199585453041355	0.001	0	0
9.857600000009203e-08	0.9997185306788106	0.022198614399877716	0.008368981009848267	0.001	0	0
9.867700000009215e-08	0.999721548132305	0.02159880326447245	0.009501424715725338	0.001	0	0
9.877800000009226e-08	0.9997245332477085	0.020942398494657233	0.010594008111530159	0.001	0	0
9.887900000009237e-08	0.9997274863713639	0.02023192170845724	0.01164397019671614	0.001	0	0
9.898000000009249e-08	0.9997304078459104	0.019470025299380155	0.012648703907527556	0.001	0	0
9.90810000000926e-08	0.9997332980103213	0.018659483296369878	0.013605762076630917	0.001	0	0
9.918200000009272e-08	0.9997361571999442	0.01780318196662093	0.014512862862338313	0.001	0	0
9.928300000009283e-08	0.9997389857465395	0.016904110191430413	0.01536789463725365	0.001	0	0
9.938400000009295e-08	0.9997417839783184	0.015965349645604515	0.01616892032785875	0.001	0	0
9.948500000009306e-08	0.9997445522199809	0.014990064811182705	0.016914181198249972	0.001	0	0
9.958600000009318e-08	0.9997472907927539	0.013981492856397954	0.017602100072930817	0.001	0	0
9.968700000009329e-08	0.9997500000144269	0.01294293341085307	0.01823128399525789	0.001	0	0
9.97880000000934e-08	0.9997526801993901	0.01187773826786549	0.018800526319821223	0.001	0	0
9.988900000009352e-08	0.9997553316586698	0.01078930104481332	0.019308808238710125	0.001	0	0
9.999000000009363e-08	0.9997579546999646	0.009681046832108926	0.01975529974326915	0.001	0	0
